WARNING: 2 open meshes merged
     Merged: Main Wing
     Merged: Horz Tail
...Mass Properties...
21 Num Comps
21 Total Num Meshes
16312 Total Num Tris

8.097300324758341e+05             Total Mass
1.016522547644656e+02 -4.430811818774554e-08 -3.367774802779590e+00       Center of Gravity
1.012160864194527e+09 8.637142515025806e+08 1.839615569215360e+09       Ixx, Iyy, Izz
-1.344245317677947e+04 4.873639585950907e+06 1.335719797631728e+04       Ixy, Ixz, Iyz
8.839851031977209e+04             Volume

Name	Mass	cgX	cgY	cgZ	Ixx	Iyy	Izz	Ixy	Ixz	Iyz	Volume
Main Fuse	4.853234316720541e+04	1.005772510107850e+02	-3.190545095647126e-08	1.004692172803043e-01	3.276564410553808e+06	1.793566945003142e+08	1.787083943270268e+08	-9.529684426243726e+02	2.165869707971595e+06	8.902813586926247e+02	4.909993845563450e+04
Main Wing	8.143985622067744e+04	1.035249928043232e+02	-3.786693920345025e-09	-4.959249302848010e+00	1.306406950270482e+08	2.228290568124658e+07	1.524444099956806e+08	-1.338224404649141e+03	1.211355744730043e+06	1.399913210632022e+03	9.599002406927973e+03
Horz Tail	7.629021502312326e+03	2.114351875272293e+02	8.351734306430743e-15	5.966685619383640e+00	2.896899409506473e+06	3.154566621274664e+05	3.206312001725200e+06	-1.325616147926185e+02	-7.407429697293588e+03	1.303023007633555e+02	1.712847216506020e+03
Vert Tail	7.371899398303056e+03	2.052610953287524e+02	-3.505137231070409e-09	2.182018873333150e+01	5.146510904326881e+05	1.254691527652891e+06	7.572524216323826e+05	-1.067796407900801e+02	4.287757354330268e+05	1.314933105520302e+02	2.209404602981351e+03
Main Gear Placeholder	2.752000273346519e+04	1.112433626379934e+02	-8.995387519994197e-16	-8.000000000000076e+00	1.363887374870363e+05	7.608939085061621e+04	1.703610618723145e+05	-3.836000178404162e+02	-6.416238904002564e+01	3.683490350202698e+02	9.836255222727819e+01
Nose Gear Placeholder	6.880005601494204e+03	2.751809496834515e+01	7.505617918414246e-16	-7.999999999999840e+00	3.414526103511416e+04	2.611198880544204e+04	4.969952278239767e+04	-1.269912625982359e+02	-2.006278193659264e+01	1.048433067314709e+02	1.229531902840986e+02
all other CG placeholder	1.400000009241424e+05	1.053884488149403e+02	-1.092560955124249e-15	-4.999999999999962e+00	6.943832468533206e+05	3.872424205295761e+05	8.670477559840471e+05	-2.303001892129723e+03	-3.847089105913113e+02	2.055786791981840e+03	9.836255222727816e+01
Inboard Main Wing Fuel Cells	8.750023784234405e+04	9.507814824818541e+01	2.526327729969249e+01	-4.857304607626896e+00	9.551008062869154e+06	7.169720241110797e+06	1.665354416880394e+07	6.829477291833499e+06	1.189831684960593e+05	1.669317548399369e+05	1.255435848009937e+03
Inboard Main Wing Fuel Cells	8.750023784234322e+04	9.507814824818549e+01	-2.526327729969115e+01	-4.857304607626991e+00	9.550870334088866e+06	7.169718676558928e+06	1.665340800457527e+07	-6.832515173845593e+06	1.189902150380294e+05	-1.639664735938204e+05	1.255435848009943e+03
Outboard Main Wing Fuel Tank	8.750000585955092e+04	1.173681811493694e+02	5.764554935165271e+01	-3.434659095471634e+00	4.337476935655044e+06	2.875509040276531e+06	7.189897443594826e+06	2.892653756926216e+06	5.030334145151177e+04	7.651293938106936e+04	2.970636393774644e+02
Outboard Main Wing Fuel Tank	8.750000591272887e+04	1.173681811467152e+02	-5.764554935246059e+01	-3.434659095753298e+00	4.337257240523124e+06	2.875510925198848e+06	7.189675865600578e+06	-2.894952034259873e+06	5.031815854601139e+04	-7.386774063037433e+04	2.970636395580024e+02
Crew Area Box	4.800002617216480e+04	2.576162082142392e+01	-3.852721594920157e-15	4.782599999998641e+00	8.391137887375691e+05	6.162020960436072e+05	9.414212172110236e+05	-1.008972747627797e+03	-1.405235072762302e+02	1.012834783455843e+03	8.993147632206689e+02
Passenger Box	4.799935344252764e+04	1.048029574326709e+02	-2.761064709124347e-15	2.282600000000795e+00	1.006488468272658e+06	7.286865066945264e+07	7.322536504339892e+07	-1.003746953345061e+03	-1.633390737857730e+02	8.329156138998381e+02	1.575557309774456e+04
Inside Engine Pair	1.108929647698442e+04	8.642817212995467e+01	-3.899999992520851e+01	-1.099999980094036e+01	1.133200700957788e+05	6.736441643953369e+05	6.747347187863470e+05	-1.905031071291145e+02	-3.140336265178111e+01	2.103293077179490e+02	1.399209689982521e+03
Inside Engine Pair	1.108929566142028e+04	8.642817170505393e+01	3.900000001071074e+01	-1.100000001907675e+01	1.133169547663334e+05	6.736430576871805e+05	6.747326543027883e+05	-1.959671372100603e+02	-3.266862505944789e+01	2.045439157801553e+02	1.399209587077433e+03
Outside Engine Pair	1.108922185883950e+04	1.129564516181940e+02	-6.799999999997874e+01	-9.163299999997180e+00	1.119532381361692e+05	6.460374301084286e+05	6.471062927223715e+05	-1.800863215760465e+02	-3.064458420983889e+01	2.057393576091420e+02	1.326731734783002e+03
Outside Engine Pair	1.108922185883971e+04	1.129564516181924e+02	6.799999999997645e+01	-9.163299999997124e+00	1.119485376420389e+05	6.460355346068792e+05	6.471034877297913e+05	-1.831388375564125e+02	-3.061236969415846e+01	1.992484055054729e+02	1.326731734782992e+03
Inside Engine Pylons	0.000000000000000e+00	0.000000000000000e+00	0.000000000000000e+00	0.000000000000000e+00	0.000000000000000e+00	0.000000000000000e+00	0.000000000000000e+00	0.000000000000000e+00	0.000000000000000e+00	0.000000000000000e+00	7.318781433761566e+01
Inside Engine Pylons	0.000000000000000e+00	0.000000000000000e+00	0.000000000000000e+00	0.000000000000000e+00	0.000000000000000e+00	0.000000000000000e+00	0.000000000000000e+00	0.000000000000000e+00	0.000000000000000e+00	0.000000000000000e+00	7.318774990332993e+01
Outside Engine Pylon	0.000000000000000e+00	0.000000000000000e+00	0.000000000000000e+00	0.000000000000000e+00	0.000000000000000e+00	0.000000000000000e+00	0.000000000000000e+00	0.000000000000000e+00	0.000000000000000e+00	0.000000000000000e+00	4.974709783168989e+01
Outside Engine Pylon	0.000000000000000e+00	0.000000000000000e+00	0.000000000000000e+00	0.000000000000000e+00	0.000000000000000e+00	0.000000000000000e+00	0.000000000000000e+00	0.000000000000000e+00	0.000000000000000e+00	0.000000000000000e+00	4.974709783169008e+01
Name	Mass	cgX	cgY	cgZ	Ixx	Iyy	Izz	Ixy	Ixz	Iyz	Volume
Totals	8.097300324758341e+05	1.016522547644656e+02	-4.430811818774554e-08	-3.367774802779590e+00	1.012160864194527e+09	8.637142515025806e+08	1.839615569215360e+09	-1.344245317677947e+04	4.873639585950907e+06	1.335719797631728e+04	8.839851031977209e+04

...Filling Mass Properties (Volume Only -- No Shell or Point Mass)...
200 Num Slice

Slice	Mass	cgX	cgY	cgZ	Ixx	Iyy	Izz	Ixy	Ixz	Iyz	Volume
5.854913823052277e-01	2.083355733753354e+00	5.854913823052276e-01	-1.013846879195883e-16	-9.242507302702527e-17	7.635782822298540e-01	9.356980408679116e-01	1.018171368480363e+00	8.353145597768362e-04	-9.986485544943009e-04	2.404197636621531e-02	2.107720988379016e+00
1.756474146915683e+00	2.176693091352533e+01	1.644397085318464e+00	1.547277314517654e-16	3.793499312536876e-17	5.687225665320791e+01	3.847172075151312e+01	3.600327177242168e+01	-3.389666032139717e-01	-5.794050521900003e-02	4.086536086226086e-01	2.202149944713419e+01
2.927456911526138e+00	6.919014560173429e+01	2.523811647419611e+00	-1.424995247120514e-15	-5.819171433628618e-17	3.742987602568791e+02	2.496588194347600e+02	2.184582153120987e+02	-1.250382654303369e+00	-2.005496672015138e-01	1.250391371340393e+00	6.999933794841878e+01
4.098439676136594e+00	1.406865831843630e+02	3.324032194559406e+00	1.348860588725500e-15	1.301351639300750e-16	1.092187745886699e+03	7.539963610685156e+02	6.472240210188296e+02	-2.706897093658984e+00	-4.268176418048467e-01	2.638291293935373e+00	1.423319404155683e+02
5.269422440747049e+00	2.329616808390232e+02	4.094592718920603e+00	-7.267602710874321e-16	-1.769262208306694e-17	2.283921325962251e+03	1.651354154070320e+03	1.416109564115297e+03	-4.548601866007466e+00	-7.229567697815061e-01	4.339160272308515e+00	2.356862134666989e+02
6.440405205357504e+00	3.474886778993366e+02	4.867736930013479e+00	-1.907998455855132e-15	-2.514794494880706e-16	4.118174482174705e+03	3.131823143232359e+03	2.680349383656199e+03	-6.977440472368181e+00	-1.100916733321330e+00	6.557702877516972e+00	3.515526262588882e+02
7.611387969967960e+00	4.844428353151543e+02	5.643379356793337e+00	-2.372902839523828e-15	1.229984345471118e-02	6.742221195440470e+03	5.397356646932509e+03	4.596084960634545e+03	-9.844097932429959e+00	1.016625692462919e+01	9.139740523615400e+00	4.901084894532293e+02
8.782370734578414e+00	6.409191683047541e+02	6.409744109747970e+00	-2.819499754005586e-15	5.388036765713555e-02	1.018179040377237e+04	8.601974827270191e+03	7.251199511660018e+03	-1.312513767419785e+01	7.287844361526021e+01	1.220041089223726e+01	6.484148439002283e+02
9.953353499188871e+00	8.190444359096219e+02	7.180406045910441e+00	-2.821763857708813e-15	1.173987950600576e-01	1.465954386174991e+04	1.305179312282513e+04	1.088150782080610e+04	-1.698806539864141e+01	2.165256073710440e+02	1.557911195798374e+01	8.286233215062070e+02
1.112433626379933e+01	1.020856189659617e+03	7.960076563659876e+00	-2.840203987584325e-15	2.006704950821091e-01	2.043842608047875e+04	1.910656342460678e+04	1.575798934724595e+04	-2.129441419548318e+01	4.848316511427528e+02	1.939696619083417e+01	1.032795303366487e+03
1.229531902840978e+01	1.248059129717280e+03	8.749285832997183e+00	3.787039392823969e-16	2.972335329204082e-01	2.780167702883904e+04	2.716341353678921e+04	2.217974123194139e+04	-2.623273143375425e+01	9.114201027231742e+02	2.381124716603910e+01	1.262655426446938e+03
1.346630179302024e+01	1.500739735111840e+03	9.543493129937655e+00	2.937895803894441e-15	3.946357067801843e-01	3.693785307208865e+04	3.755592211549194e+04	3.041895273395958e+04	-3.182801955741402e+01	1.483961136535681e+03	2.862600587949243e+01	1.518291181166027e+03
1.463728455763069e+01	1.780901355833154e+03	1.034482042261682e+01	5.014194703681714e-15	4.914703654887256e-01	4.819267746728753e+04	5.076802547136052e+04	4.087316069555868e+04	-3.791862463849721e+01	2.223234261407055e+03	3.397432103161130e+01	1.801729347085337e+03
1.580826732224115e+01	2.091632456046552e+03	1.115646534673813e+01	8.557177208291831e-15	5.805363093506470e-01	6.198955172153276e+04	6.728270049636222e+04	5.412727399059114e+04	-4.479825567335555e+01	3.088750457946565e+03	3.994419569706697e+01	2.116094508565404e+03
1.697925008685160e+01	2.434267979540463e+03	1.197605173344233e+01	4.361353223681434e-15	6.637625797187797e-01	7.871647161361475e+04	8.763697788578035e+04	7.065936668022138e+04	-5.238988186870955e+01	4.101173780195468e+03	4.643157551836231e+01	2.462737221824541e+03
1.815023285146206e+01	2.810024058031997e+03	1.280166248868537e+01	-7.402727467574463e-16	7.421537984220665e-01	9.878651013503422e+04	1.124139503348609e+05	9.098433245529963e+04	-6.072067393463646e+01	5.278044085205549e+03	5.373744494453110e+01	2.842887841479223e+03
1.932121561607251e+01	3.216770515443832e+03	1.362603125411033e+01	-2.703800429781458e-15	8.063683549388009e-01	1.222756774507033e+05	1.420039715834514e+05	1.153209047505349e+05	-6.981700822565388e+01	6.453034780729354e+03	6.155961672267949e+01	3.254391278624389e+03
2.049219838068297e+01	3.651204314273030e+03	1.444299322376310e+01	-2.748516043473123e-15	8.498082170026102e-01	1.490897032266310e+05	1.767168258521100e+05	1.437585713412711e+05	-7.953212789751386e+01	7.410953327018744e+03	6.984675073885251e+01	3.693905866084554e+03
2.166318114529343e+01	9.999190351386309e+03	1.902672955645953e+01	-1.027606274263646e-14	3.173319281857532e+00	3.192033286594799e+05	3.868291586395680e+05	3.490630915500040e+05	-2.133321662270545e+02	6.864598067821433e+04	2.039748881258865e+02	4.158372703893663e+03
2.283416390990388e+01	1.635336914562558e+04	2.050612615135540e+01	-1.163649075667374e-14	3.690989045202089e+00	4.660234242825049e+05	5.087402095566780e+05	4.902474794195188e+05	-3.471085128490509e+02	8.833589872473068e+04	3.379814130269975e+02	4.629104724340052e+03
2.400514667451434e+01	2.271202029401743e+04	2.148574181653164e+01	-1.228160629463074e-14	3.918368350448992e+00	6.095349180436463e+05	6.267426326106798e+05	6.314981948490174e+05	-4.818082881421238e+02	1.013284251101230e+05	4.719949137738150e+02	5.104361403999515e+03
2.517612943912479e+01	3.042622577338363e+04	2.242139544084943e+01	-1.360415045176406e-14	3.510731792792420e+00	9.463434755707107e+05	9.548308887322842e+05	8.014716661243450e+05	-6.406850335757522e+02	6.713956614885376e+04	6.261422607342288e+02	5.583522803172799e+03
2.634711220373525e+01	3.814378393317995e+04	2.321567813418472e+01	-1.354340221567785e-14	3.267791357036434e+00	1.277547066681037e+06	1.293512114125656e+06	9.881491189236742e+05	-7.993916177859545e+02	3.809896344857860e+04	7.800508922183170e+02	6.066076093032563e+03
2.751809496834570e+01	4.586447265574145e+04	2.393993416958262e+01	-1.353956953488067e-14	3.106471284686903e+00	1.606149226304269e+06	1.653333103500987e+06	1.199057357557954e+06	-9.580306459024154e+02	1.160186483773867e+04	9.340550095829333e+02	6.551796558204112e+03
2.868907773295616e+01	5.358806982340321e+04	2.462442368181467e+01	-1.366179224647139e-14	2.991529944315295e+00	1.933415475336802e+06	2.041812560343193e+06	1.440443756702208e+06	-1.115725337125330e+03	-1.345763197894871e+04	1.087953244855923e+03	7.040459483312747e+03
2.986006049756661e+01	6.131235307750341e+04	2.528402227411354e+01	-1.363809143185513e-14	2.905526226183245e+00	2.259704525026195e+06	2.465229335736156e+06	1.717853255547130e+06	-1.273730679201021e+03	-3.761099476469627e+04	1.241532914258889e+03	7.529816518775541e+03
3.103104326217707e+01	6.179605314563634e+04	2.532900628687786e+01	-1.357599116124573e-14	2.890610892608521e+00	2.294428416270471e+06	2.502888700183484e+06	1.746895574008148e+06	-1.284637121940005e+03	-4.286832987991167e+04	1.250826177758668e+03	8.019173554238327e+03
3.220202602678752e+01	6.227975321376927e+04	2.538238607637481e+01	-1.351438176659188e-14	2.875927241000857e+00	2.329124980601307e+06	2.547342063411262e+06	1.782758644044634e+06	-1.295500305457729e+03	-4.910657296641535e+04	1.260138488577848e+03	8.508530589701113e+03
3.337300879139798e+01	6.276345328190220e+04	2.544396753102041e+01	-1.345677864409627e-14	2.861469914839346e+00	2.363795167227282e+06	2.599743462916462e+06	1.826596301045939e+06	-1.306404371756164e+03	-5.630303909772120e+04	1.269424637976802e+03	8.997887625163899e+03
3.454399155600844e+01	6.324715335003513e+04	2.551356247731839e+01	-1.338446449851442e-14	2.847233721464970e+00	2.398439640754854e+06	2.661221850196399e+06	1.879536900000590e+06	-1.317309651788322e+03	-6.443574673689070e+04	1.278719917711520e+03	9.487244660626686e+03
3.571497432061889e+01	6.373085341816806e+04	2.559098845451783e+01	-1.332214686728432e-14	2.833213625862265e+00	2.433058934427422e+06	2.732881940485784e+06	1.942684527125565e+06	-1.328208938130445e+03	-7.348337338460142e+04	1.288013625687388e+03	9.976601696089472e+03
3.688595708522934e+01	6.421455348630099e+04	2.567606849945499e+01	-1.326404610521722e-14	2.819404744722017e+00	2.467653576405796e+06	2.815805164182576e+06	2.017119996609124e+06	-1.339114658224340e+03	-8.342524750033580e+04	1.297306034891647e+03	1.046595873155226e+04
3.805693984983980e+01	6.498021803069229e+04	2.582195280869484e+01	-1.285932684842754e-14	2.803532042540113e+00	2.508210702078047e+06	2.955508678226520e+06	2.150376483031074e+06	-1.354997081437613e+03	-9.604709537720348e+04	1.310904516536175e+03	1.095531576701505e+04
3.922792261445026e+01	6.574588257508358e+04	2.597807628535099e+01	-1.244793112326634e-14	2.788029041541261e+00	2.548735856506252e+06	3.115200210024856e+06	2.303653008568717e+06	-1.370901340314026e+03	-1.095546579399945e+05	1.324483459127856e+03	1.144467280247785e+04
4.039890537906071e+01	6.651154711947488e+04	2.614408531710529e+01	-1.208554214040641e-14	2.772882973998644e+00	2.589230325143548e+06	3.296252970484109e+06	2.478321858049658e+06	-1.386821139739420e+03	-1.239173479815914e+05	1.338086693170125e+03	1.193402983794064e+04
4.156988814367116e+01	6.727721166386618e+04	2.631964238912080e+01	-1.171903165916616e-14	2.758081653410235e+00	2.629695066801504e+06	3.500001567732854e+06	2.675716461485836e+06	-1.402737345973749e+03	-1.391059645470188e+05	1.351696721184948e+03	1.242338687340344e+04
4.274087090828162e+01	6.804287620825748e+04	2.650442517834314e+01	-1.134196973084263e-14	2.743613441797115e+00	2.670130989124298e+06	3.727744142794465e+06	2.897133873523541e+06	-1.418654228947400e+03	-1.550926395505853e+05	1.365328619291096e+03	1.291274390886624e+04
4.391185367289208e+01	6.880854075264878e+04	2.669812570827040e+01	-1.101796085656364e-14	2.729467219185119e+00	2.710539120360833e+06	3.980744435144216e+06	3.143836929571756e+06	-1.434554877244814e+03	-1.718507223440473e+05	1.378964068922641e+03	1.340210094432903e+04
4.508283643750253e+01	6.957420529704008e+04	2.690044955953352e+01	-1.067206649574161e-14	2.715632355101614e+00	2.750920323115943e+06	4.260233659604578e+06	3.417055865154562e+06	-1.450477693666191e+03	-1.893547363373959e+05	1.392616567388254e+03	1.389145797979183e+04
4.625381920211299e+01	7.033986984143138e+04	2.711111513203505e+01	-1.031469054852790e-14	2.702098681933847e+00	2.791275213571320e+06	4.567412292121136e+06	3.717989984814207e+06	-1.466352951978050e+03	-2.075803500441893e+05	1.406274233819042e+03	1.438081501525462e+04
4.742480196672344e+01	7.110553438582268e+04	2.732985295475924e+01	-9.981898867815153e-15	2.688856470008568e+00	2.831604949910790e+06	4.903451677851450e+06	4.047810149485529e+06	-1.482244437595801e+03	-2.265042415911230e+05	1.419946362836324e+03	1.487017205071742e+04
4.859578473133390e+01	7.187119893021398e+04	2.755640503969918e+01	-9.634778089554710e-15	2.675896404264552e+00	2.871910411899681e+06	5.269495644694477e+06	4.407659438199118e+06	-1.498133397739163e+03	-2.461040843039143e+05	1.433633165824106e+03	1.535952908618022e+04
4.976676749594436e+01	7.263686347460528e+04	2.779052427664526e+01	-9.305429185257614e-15	2.663209562400493e+00	2.912192260012010e+06	5.666661915310683e+06	4.798654695054827e+06	-1.514022557597473e+03	-2.663585113531264e+05	1.447337519693687e+03	1.584888612164302e+04
5.093775026055481e+01	7.340252801899659e+04	2.803197386585165e+01	-8.982539779073665e-15	2.650787394390530e+00	2.952451290821646e+06	6.096043478798545e+06	5.221888231310352e+06	-1.529903695010572e+03	-2.872470355970620e+05	1.461049233334414e+03	1.633824315710581e+04
5.210873302516526e+01	7.416819256338789e+04	2.828052678584340e+01	-8.673621844221995e-15	2.638621703268595e+00	2.992688174434017e+06	6.558709873046638e+06	5.678428830458429e+06	-1.545789823919546e+03	-3.087500187952666e+05	1.474793132285530e+03	1.682760019256861e+04
5.327971578977572e+01	7.493385710777919e+04	2.853596529385081e+01	-8.364904890169030e-15	2.626704627090817e+00	3.032903111826016e+06	7.055708444798792e+06	6.169322539167034e+06	-1.561684050807376e+03	-3.308485415298468e+05	1.488376684711087e+03	1.731695722803140e+04
5.445069855438617e+01	7.569952165217049e+04	2.879808045656122e+01	-8.054266854912435e-15	2.615028621992563e+00	3.073097387224824e+06	7.588065253310098e+06	6.695595564401248e+06	-1.577603574785004e+03	-3.535246134847254e+05	1.501957503735309e+03	1.780631426349420e+04
5.562168131899663e+01	7.646518619656179e+04	2.906667170906245e+01	-7.752814291900924e-15	2.603586446263426e+00	3.113271469261033e+06	8.156786383583594e+06	7.258253174656713e+06	-1.593530627801792e+03	-3.767608861353672e+05	1.515567871307943e+03	1.829567129895699e+04
5.679266408360709e+01	7.723085074095309e+04	2.934154644002281e+01	-7.473537094903698e-15	2.592371145369474e+00	3.153426039293060e+06	8.762858813338190e+06	7.858281848925159e+06	-1.609439264294878e+03	-4.005407011713937e+05	1.529183683669544e+03	1.878502833441979e+04
5.796364684821754e+01	7.799651528534439e+04	2.962251960130306e+01	-7.229754554438073e-15	2.581376037857694e+00	3.193561544161638e+06	9.407251395165000e+06	8.496649717832770e+06	-1.625348383606154e+03	-4.248480509197902e+05	1.542811880865097e+03	1.927438536988258e+04
5.913462961282800e+01	7.876217982973569e+04	2.990941334033944e+01	-6.971902186157843e-15	2.570594702082596e+00	3.233678662667395e+06	1.009091571005442e+07	9.174307938025314e+06	-1.641268832475869e+03	-4.496675345485831e+05	1.556446771500118e+03	1.976374240534538e+04
6.030561237743845e+01	7.952651346809209e+04	3.020155285946415e+01	-6.667986156119462e-15	2.559916837362458e+00	3.273615421222511e+06	1.081347022924249e+07	9.890932306736076e+06	-1.657033155181201e+03	-4.752336650336825e+05	1.570096303932222e+03	2.025175296956571e+04
6.147659514204891e+01	8.028944141585880e+04	3.049873519632202e+01	-6.437602751558699e-15	2.549339977064577e+00	3.313362525650255e+06	1.157563796086634e+07	1.064724845293020e+07	-1.672672890909283e+03	-5.015429217314057e+05	1.583681708418356e+03	2.073834140336873e+04
6.264757790665936e+01	8.105086881839398e+04	3.080075552203006e+01	-6.168332316971430e-15	2.538859909709999e+00	3.352908721451285e+06	1.237809306116684e+07	1.144393193195752e+07	-1.688143061240044e+03	-5.285967546957220e+05	1.597320669130921e+03	2.122341174276893e+04
6.381856067126981e+01	8.180875863233987e+04	3.110663790699481e+01	-5.903794280496190e-15	2.528310773832154e+00	3.392014859778756e+06	1.321924412349019e+07	1.227947704937666e+07	-1.703495461534713e+03	-5.568300603217448e+05	1.610853091173552e+03	2.170490312078625e+04
6.498954343588026e+01	8.256295067075170e+04	3.141614982947999e+01	-5.681334224112780e-15	2.517701315384218e+00	3.430664268468568e+06	1.409944523545012e+07	1.315423985213842e+07	-1.718701452716018e+03	-5.862411102232303e+05	1.624299566111324e+03	2.218265347705811e+04
6.616052620049072e+01	8.331324018659731e+04	3.172904537006133e+01	-5.485713273545180e-15	2.507034642723410e+00	3.468837172918508e+06	1.501895338417858e+07	1.406847646274710e+07	-1.733747631837748e+03	-6.168420175534349e+05	1.637702863210229e+03	2.265645566999561e+04
6.733150896510118e+01	8.406139721034757e+04	3.204591178063023e+01	-8.936869923080452e-09	2.495911325793708e+00	3.506855461465883e+06	1.598059882306366e+07	1.502502755016915e+07	-1.748729334243861e+03	-6.498380185401156e+05	1.650961003023287e+03	2.312556438457139e+04
6.850249172971164e+01	8.485358689513204e+04	3.238626894919495e+01	-8.853435592578764e-09	2.479500610669269e+00	3.552193623694539e+06	1.704893546722094e+07	1.608859273665650e+07	-1.763902834488917e+03	-7.001325869592815e+05	1.664928240689023e+03	2.359522332951046e+04
6.967347449432209e+01	8.571871043387633e+04	3.276259331347691e+01	-8.764081568042257e-09	2.455095131542923e+00	3.610736278006422e+06	1.827050406332390e+07	1.730740637390388e+07	-1.780199430693991e+03	-7.773530427220729e+05	1.680235371860307e+03	2.406864214399770e+04
7.084445725893254e+01	8.667562521425459e+04	3.318302406760976e+01	-2.211405675821689e-08	2.421159098772328e+00	3.687630456721937e+06	1.968066013586849e+07	1.871953918881661e+07	-1.797861856950060e+03	-8.881343037096617e+05	1.697556192581421e+03	2.454784051416489e+04
7.201544002354299e+01	8.774115508652685e+04	3.365460549564956e+01	-2.184550387407571e-08	2.376626457628315e+00	3.788337316302973e+06	2.131339013612304e+07	2.036264493351009e+07	-1.817858704629219e+03	-1.038026574723545e+06	1.716839641460916e+03	2.503457721935540e+04
7.318642278815345e+01	8.892888564071254e+04	3.418259082822751e+01	-2.155373623974870e-08	2.320893986064235e+00	3.918469997356756e+06	2.319853701900647e+07	2.227101465355216e+07	-1.840503624641860e+03	-1.231342110176551e+06	1.738103368965357e+03	2.553023377162332e+04
7.435740555276391e+01	9.024990488142264e+04	3.477064356149985e+01	-2.123824534126774e-08	2.253816636010213e+00	4.083818951830477e+06	2.536182515844049e+07	2.447570398077769e+07	-1.865759537487100e+03	-1.470993637414347e+06	1.761986951712838e+03	2.603619911331391e+04
7.552838831737436e+01	9.194788363589448e+04	3.552330672174961e+01	-2.084604392945835e-08	2.157026244763637e+00	4.338042814266406e+06	2.821383768401972e+07	2.741605155562316e+07	-1.890593978621597e+03	-1.827030342364350e+06	1.790396141619815e+03	2.655372905467111e+04
7.669937108198482e+01	9.589641078233856e+04	3.721872792243592e+01	-1.998770356184824e-08	1.806780498311468e+00	7.196041138824448e+06	3.500428878660255e+07	3.632376027234438e+07	-1.965530788858794e+03	-3.153091235827518e+06	1.863243042386293e+03	2.726310107310939e+04
7.787035384659528e+01	1.006811296097121e+05	3.915063512964327e+01	-1.903780988343992e-08	1.428420580427656e+00	1.023312242707767e+07	4.292289421297678e+07	4.650745148004361e+07	-2.053917088632390e+03	-4.628083637401048e+06	1.948185947774393e+03	2.798602778028876e+04
7.904133661120574e+01	1.063118739542657e+05	4.126342209701690e+01	-1.802947977222994e-08	1.034304061073962e+00	1.346031610908789e+07	5.180291748226985e+07	5.782876173010132e+07	-2.155278999567116e+03	-6.210967516923810e+06	2.052387907817842e+03	2.872307793398984e+04
8.021231937581619e+01	1.128145794219869e+05	4.350846177712040e+01	-1.699024464765513e-08	6.345044622009554e-01	1.689398843115531e+07	6.149391785130018e+07	7.016735636560741e+07	-2.271106262671649e+03	-7.866449278807659e+06	2.167402973207948e+03	2.947488780308554e+04
8.138330214042664e+01	1.201942340157474e+05	4.583389146152921e+01	-1.594707796877015e-08	2.386886272140083e-01	2.055173927096055e+07	7.181895668518135e+07	8.337663552272651e+07	-2.401518119915719e+03	-9.557726935656840e+06	2.298608126442167e+03	3.024242549481473e+04
8.255428490503709e+01	1.284500189485689e+05	4.819399754325450e+01	-1.492212844778915e-08	-1.455191074105791e-01	2.445468276425596e+07	8.261336894185419e+07	9.732291550286308e+07	-2.551417211942266e+03	-1.125348292569923e+07	2.445330620372871e+03	3.102574271137376e+04
8.372526766964755e+01	1.375795603581728e+05	5.055179110728579e+01	-1.393192984600203e-08	-5.126432299496255e-01	2.862792286512883e+07	9.373793607610594e+07	1.118987079247158e+08	-2.711141453044249e+03	-1.292906072133719e+07	2.606338281970094e+03	3.182509091520413e+04
8.489625043425801e+01	1.475808714825645e+05	5.287925820839100e+01	-1.318718065838728e-08	-8.590514332511605e-01	3.310033186737426e+07	1.050828590985184e+08	1.270269171763386e+08	-2.888116521260727e+03	-1.456590080476111e+07	2.787619028863139e+03	3.264155753822427e+04
8.606723319886846e+01	1.581696769342795e+05	5.510105582043599e+01	-1.230435823048811e-08	-1.175521920904628e+00	3.789579247940292e+07	1.162904102566678e+08	1.423852070624889e+08	-3.079693667257032e+03	-1.611597536482949e+07	2.971691051785903e+03	3.347460558367328e+04
8.723821596347892e+01	1.688544585236385e+05	5.713463278389203e+01	-1.152576412961224e-08	-1.453274133092644e+00	4.303609682722069e+07	1.269251906133521e+08	1.575706843315018e+08	-3.268169098705890e+03	-1.752785482366345e+07	3.160565982365846e+03	3.432392250244559e+04
8.840919872808938e+01	1.796162316698214e+05	5.900846000322431e+01	-1.083519637526789e-08	-1.697961127573972e+00	4.853971623087392e+07	1.370943685276569e+08	1.727020749438506e+08	-3.464245631847338e+03	-1.882004133208365e+07	3.348289848309714e+03	3.518799120221550e+04
8.958018149269982e+01	1.903110436363241e+05	6.072648333269029e+01	-1.022630136815600e-08	-1.908264230748000e+00	5.422175508388714e+07	1.467689799396509e+08	1.875835544821221e+08	-3.656358933743507e+03	-1.997488472236378e+07	3.533677173933112e+03	3.605032505875167e+04
9.075116425731028e+01	2.007704884377725e+05	6.229066487777551e+01	-9.693550927417669e-09	-2.082202884339410e+00	5.983485484351940e+07	1.559033911399662e+08	2.019437742963207e+08	-3.847361066502963e+03	-2.096880592286129e+07	3.719574046411451e+03	3.689014473433177e+04
9.192214702192074e+01	2.110188699457747e+05	6.372975292586717e+01	-1.377804592324509e-07	-2.226112461814714e+00	6.542397699481884e+07	1.646233648118538e+08	2.159414135571713e+08	-4.041974085103125e+03	-2.182497354691901e+07	3.897808289837250e+03	3.770788283348014e+04
9.309312978653119e+01	2.211631455964675e+05	6.507658758091939e+01	-1.314607720430154e-07	-2.349043026383106e+00	7.121499935961846e+07	1.731029349851156e+08	2.299492469529811e+08	-4.224961037693189e+03	-2.258670902883308e+07	4.074973151697691e+03	3.851506502389647e+04
9.426411255114165e+01	2.313217590808159e+05	6.635837268369318e+01	-1.418154391697387e-07	-2.458635357536789e+00	7.745157877919497e+07	1.814993773132292e+08	2.443435587863072e+08	-4.414470962991219e+03	-2.329418025385246e+07	4.249773348026504e+03	3.932268047969523e+04
9.543509531575211e+01	2.415374181250652e+05	6.758815267736480e+01	-1.358174544991687e-07	-2.558382999453046e+00	8.425412359520532e+07	1.898864028965936e+08	2.593081084322384e+08	-4.597054372179173e+03	-2.396512110861406e+07	4.429286729687836e+03	4.013591755914425e+04
9.660607808036256e+01	2.517869784406277e+05	6.876939317873018e+01	-1.302887026938992e-07	-2.648955617600181e+00	9.163567772669189e+07	1.982740740535463e+08	2.748662753452524e+08	-4.780626500600684e+03	-2.459996709977290e+07	4.607284014479648e+03	4.095220718863432e+04
9.777706084497302e+01	2.620543931836538e+05	6.990592728158903e+01	-1.251839467923653e-07	-2.731198383123229e+00	9.962068983161131e+07	2.066769210283030e+08	2.910562353058810e+08	-4.966023520997040e+03	-2.520067778890857e+07	4.777837221089876e+03	4.176969888457183e+04
9.894804360958348e+01	2.723230329045878e+05	7.100103490478422e+01	-1.204635989390746e-07	-2.805891660174951e+00	1.082344943649959e+08	2.151070978666570e+08	3.079146130117516e+08	-5.142546561993508e+03	-2.576916881231831e+07	4.946932826637850e+03	4.258641927849241e+04
1.001190263741939e+02	2.825803854500964e+05	7.205798549051904e+01	-1.160909332564396e-07	-2.873845481775743e+00	1.175081228084497e+08	2.235784718636101e+08	3.254849066370614e+08	-5.321343688946013e+03	-2.630803827110593e+07	5.115984558788969e+03	4.340086665724193e+04
1.012900091388044e+02	2.928127613001216e+05	7.307950194184377e+01	-1.120341519154322e-07	-2.935736632263014e+00	1.274688685650516e+08	2.321019960875843e+08	3.438042361287144e+08	-5.497658126198040e+03	-2.681931269800267e+07	5.288759778006021e+03	4.421137052475277e+04
1.024609919034148e+02	3.030122398327216e+05	7.406849128525815e+01	-1.082630803901126e-07	-2.992303768540123e+00	1.381511380403544e+08	2.406919124065910e+08	3.629195115856740e+08	-5.670931496228096e+03	-2.730600489828739e+07	5.461575442967423e+03	4.501693342544323e+04
1.036319746680253e+02	3.496356348779442e+05	7.801073809070733e+01	-9.382638734913067e-08	-3.265858360926952e+00	1.568668779452479e+08	2.763035961247550e+08	4.166802663466418e+08	-6.442513392492342e+03	-2.975665195616180e+07	6.153101303739931e+03	4.599480519895252e+04
1.048029574326358e+02	3.963140381589592e+05	8.116636191126604e+01	-8.277541397482293e-08	-3.473714267709838e+00	1.766144874958288e+08	3.061187095610329e+08	4.657601359458905e+08	-7.187400237095830e+03	-3.170387150137429e+07	6.855695974808914e+03	4.696358918686218e+04
1.059739401972462e+02	4.439918507682088e+05	8.383030960932068e+01	-7.388661111088974e-08	-3.635091879232415e+00	1.998202232671956e+08	3.325345868344488e+08	5.149589256156271e+08	-7.955541542426626e+03	-3.329060258186579e+07	7.564218202111510e+03	4.791940700593418e+04
1.071449229618567e+02	4.926482435663726e+05	8.613297687756675e+01	-6.658912768185097e-08	-3.762355682534225e+00	2.265820331157645e+08	3.565744333010483e+08	5.653808008038775e+08	-8.779155425252897e+03	-3.460811680962241e+07	8.336381549524343e+03	4.885961723312260e+04
1.083159057264671e+02	5.072816973768363e+05	8.677288339571921e+01	-6.466819014857004e-08	-3.785463271908204e+00	2.567667617880841e+08	3.636703542150624e+08	6.024642535317637e+08	-8.979443584249439e+03	-3.486068027470540e+07	8.561570557712661e+03	4.978084526533214e+04
1.094868884910776e+02	5.296987970860300e+05	8.773415066651334e+01	-6.193134511954668e-08	-3.858429340208210e+00	2.908481771020194e+08	3.749715765751400e+08	6.474094643207542e+08	-9.293855181735868e+03	-3.570147762923520e+07	8.907877978965476e+03	5.067988241670356e+04
1.106578712556880e+02	5.530320783423032e+05	8.870133799776347e+01	-5.931830881051327e-08	-3.922251212371559e+00	3.287751458592656e+08	3.869327758576471e+08	6.968770326901395e+08	-9.605242559743961e+03	-3.647649667325843e+07	9.279091132495219e+03	5.155603045548248e+04
1.118288540202985e+02	5.771306799009268e+05	8.966704786742980e+01	-5.684137309189879e-08	-3.978049430089943e+00	3.703906317951813e+08	3.994956598302810e+08	7.506467602548738e+08	-9.943938278825261e+03	-3.719022610488635e+07	9.645997666895970e+03	5.241158663181592e+04
1.129998367849089e+02	6.003902268141840e+05	9.057097680265360e+01	-5.971057268547042e-08	-4.027728494417002e+00	4.127875943792567e+08	4.118748495317003e+08	8.050225597160311e+08	-1.028455286182802e+04	-3.785926423846269e+07	1.000529087963835e+04	5.324861261936018e+04
1.141708195495194e+02	6.159482192337895e+05	9.116707589523013e+01	-5.820232411624026e-08	-4.028448114848660e+00	4.558395568388098e+08	4.204100035058013e+08	8.564406501214553e+08	-1.051281463615340e+04	-3.786949971296007e+07	1.024391969716748e+04	5.406630608803548e+04
1.153418023141299e+02	6.307094588013939e+05	9.173286561531538e+01	-5.684010426879082e-08	-4.026689992842584e+00	4.993683791722651e+08	4.289180408262402e+08	9.083195162380966e+08	-1.074823118844386e+04	-3.784335990807307e+07	1.047224651297087e+04	5.484902763977976e+04
1.165127850787403e+02	6.449994724136464e+05	9.228186666351395e+01	-5.558076935015064e-08	-4.021677179400354e+00	5.432992016349214e+08	4.375700073941573e+08	9.607671339563019e+08	-1.097724888233483e+04	-3.776505225626433e+07	1.069790705193607e+04	5.557720240188418e+04
1.176837678433508e+02	6.587910036383463e+05	9.281364549982685e+01	-5.441716993239144e-08	-4.013362560612934e+00	5.874850844260818e+08	4.463424875162586e+08	1.013613971486940e+09	-1.119109455357953e+04	-3.762885984057508e+07	1.092644563679164e+04	5.624977263524288e+04
1.188547506079612e+02	6.722013583041342e+05	9.333316312810138e+01	-5.333151390394711e-08	-4.002787138687238e+00	6.324461182160842e+08	4.553070366480063e+08	1.067443438735317e+09	-1.140194764372350e+04	-3.744746681652596e+07	1.114257650073475e+04	5.687986388364675e+04
1.200257333725717e+02	6.853988382059188e+05	9.384713344682905e+01	-5.230456670521374e-08	-3.991287006319365e+00	6.789412127544104e+08	4.645782300186598e+08	1.123118994807733e+09	-1.161054789927475e+04	-3.724115823229500e+07	1.134987253574051e+04	5.748573872564943e+04
1.211967161371821e+02	6.984662480709640e+05	9.435880914717927e+01	-5.132597122968340e-08	-3.979465046126442e+00	7.273334871932620e+08	4.742183358830687e+08	1.181061732131400e+09	-1.179204135975098e+04	-3.701958422447533e+07	1.153934470953449e+04	5.807610447228092e+04
1.223676989017926e+02	7.114158992245720e+05	9.486864502787492e+01	-5.039166146068452e-08	-3.967365001825816e+00	7.776620101553643e+08	4.842403911134815e+08	1.241323706437593e+09	-1.195870743627216e+04	-3.678289875779681e+07	1.173693683601692e+04	5.865238099947738e+04
1.235386816664030e+02	7.234540655242844e+05	9.534571010404282e+01	-4.955310884150690e-08	-3.955865605314212e+00	8.257481761302396e+08	4.940173243586491e+08	1.299100560785626e+09	-1.211342731551593e+04	-3.654837998124190e+07	1.191930344759958e+04	5.921558895101459e+04
1.247096644310135e+02	7.336133168660590e+05	9.575234911336500e+01	-4.886684250566029e-08	-3.945960295846398e+00	8.663932607269607e+08	5.026999268512328e+08	1.348345696140717e+09	-1.223708431666653e+04	-3.633797706519575e+07	1.207717443840477e+04	5.976700223845758e+04
1.258806471956240e+02	7.419081446788958e+05	9.608919545570340e+01	-4.832049930551964e-08	-3.937582703265795e+00	8.995031198210015e+08	5.101870433640690e+08	1.388863484335900e+09	-1.232391938031456e+04	-3.615283113976909e+07	1.219296594001028e+04	6.030823446191221e+04
1.270516299602344e+02	7.483497239579216e+05	9.635571119045625e+01	-4.790457814005274e-08	-3.930679793450710e+00	9.249716237931561e+08	5.163491401039269e+08	1.420417988239923e+09	-1.239445797379670e+04	-3.599427363669165e+07	1.229175635788406e+04	6.084045964899532e+04
1.282226127248449e+02	7.529532698781772e+05	9.655054498747747e+01	-4.761169654449472e-08	-3.925274968094825e+00	9.427181945543294e+08	5.210336187223638e+08	1.442775342380168e+09	-1.244067923685057e+04	-3.586538980023642e+07	1.235767400448452e+04	6.136526644160899e+04
1.293935954894553e+02	7.557203304751341e+05	9.667079940867418e+01	-4.743736784968682e-08	-3.921335088983260e+00	9.526000808136755e+08	5.240438848573064e+08	1.455596154470869e+09	-1.246523922048254e+04	-3.576796516495857e+07	1.240686687397215e+04	6.188267844091396e+04
1.305645782540658e+02	7.573285143001310e+05	9.674277270147638e+01	-4.733663406314637e-08	-3.918270488555523e+00	9.574906477579335e+08	5.259227372425385e+08	1.462295867027426e+09	-1.249273800713954e+04	-3.568947220677097e+07	1.243407494848728e+04	6.239270456857260e+04
1.317355610186762e+02	7.588700690093549e+05	9.681385640845363e+01	-4.724047432621608e-08	-3.915043608751091e+00	9.622090171833255e+08	5.278411758390009e+08	1.468864262408674e+09	-1.251825459152811e+04	-3.560396079742240e+07	1.246074689710229e+04	6.289369995906838e+04
1.329065437832867e+02	7.603423075207702e+05	9.688374209521359e+01	-4.714900309843316e-08	-3.911633543065421e+00	9.667259102138084e+08	5.297891819531685e+08	1.475262280885023e+09	-1.254363304705095e+04	-3.551056445388474e+07	1.248571774135815e+04	6.338510270284565e+04
1.340775265478972e+02	7.617306252018040e+05	9.695153087365027e+01	-4.706306981399162e-08	-3.907936682820341e+00	9.709569070416727e+08	5.317388613909113e+08	1.481378525846610e+09	-1.256916554466921e+04	-3.540602134871709e+07	1.250971318750620e+04	6.386487003637933e+04
1.352485093125076e+02	7.630307073343679e+05	9.701678279198197e+01	-4.698288161816487e-08	-3.903920300309101e+00	9.748658583369625e+08	5.336735955289968e+08	1.487160541271003e+09	-1.259138695431218e+04	-3.528885929694882e+07	1.253313109832089e+04	6.433343577872703e+04
1.364194920771181e+02	7.642445164387752e+05	9.707936402905975e+01	-4.690826088586395e-08	-3.899594330230005e+00	9.784462544501499e+08	5.355849563794820e+08	1.492593339528725e+09	-1.261381745553117e+04	-3.515880055863795e+07	1.255391728653058e+04	6.479174769739243e+04
1.375904748417285e+02	7.653826871706520e+05	9.713960652136545e+01	-4.683850509468704e-08	-3.895027763552893e+00	9.817324049258091e+08	5.374788015190190e+08	1.497716557770035e+09	-1.263567194559622e+04	-3.501742137537394e+07	1.257375490018715e+04	6.524107563825940e+04
1.387614576063390e+02	7.664852595820172e+05	9.719947865085857e+01	-4.677112859317937e-08	-3.890491116559995e+00	9.848958934085776e+08	5.394148100076410e+08	1.502759317957797e+09	-1.265514477752886e+04	-3.487290236732226e+07	1.259297789127819e+04	6.568620756439831e+04
1.399324403709494e+02	7.675537417271066e+05	9.725896556900190e+01	-4.670601995745966e-08	-3.885988922824280e+00	9.879296450491067e+08	5.413919066126468e+08	1.507713474527536e+09	-1.267518077217363e+04	-3.472543988333648e+07	1.261105745476037e+04	6.612732140205795e+04
1.411034231355599e+02	7.685895373981417e+05	9.731805289342746e+01	-4.664307616071963e-08	-3.881524575844518e+00	9.908267074708512e+08	5.434089855579059e+08	1.512570978582909e+09	-1.269422385821464e+04	-3.457520438337836e+07	1.262877445163538e+04	6.656458261082454e+04
1.422744059001703e+02	7.695940539724954e+05	9.737673240307892e+01	-4.658219497730243e-08	-3.877101097362000e+00	9.935808287191027e+08	5.454651099029567e+08	1.517324653547467e+09	-1.271202291803136e+04	-3.442236308190243e+07	1.264620011016487e+04	6.699815707285232e+04
1.434453886647808e+02	7.705525446384115e+05	9.743403722586538e+01	-4.652425138142384e-08	-3.872760007644832e+00	9.960306511900313e+08	5.475252682740544e+08	1.521778254427727e+09	-1.272992282522405e+04	-3.426845616003089e+07	1.266274236860589e+04	6.742630663819716e+04
1.446163714293913e+02	7.714545304677055e+05	9.748920288393573e+01	-4.646985511764438e-08	-3.868535962637716e+00	9.980517417379421e+08	5.495591888593060e+08	1.525777196654891e+09	-1.274631939705104e+04	-3.411488750190951e+07	1.267924748970431e+04	6.784779619592523e+04
1.457873541940017e+02	7.722966652504808e+05	9.754186859517350e+01	-4.641918310891182e-08	-3.864428692585095e+00	9.995982170398599e+08	5.515495625188167e+08	1.529258410083789e+09	-1.276131021429337e+04	-3.396185382261764e+07	1.269375369856091e+04	6.826115613449075e+04
1.469583369586122e+02	7.730817939712281e+05	9.759205511992756e+01	-4.637204071809048e-08	-3.860433453394072e+00	1.000675902317165e+09	5.534927030802741e+08	1.532224057868835e+09	-1.277661022293105e+04	-3.380938123982275e+07	1.270730458327052e+04	6.866643068375112e+04
1.481293197232226e+02	7.738179301120100e+05	9.764013142506739e+01	-4.632792672356103e-08	-3.856536055933634e+00	1.001338922944793e+09	5.553986097911060e+08	1.534738220924421e+09	-1.279035531326535e+04	-3.365711439259346e+07	1.272050550569052e+04	6.906461615105945e+04
1.493003024878331e+02	7.745166385595248e+05	9.768673519847216e+01	-4.628613335993585e-08	-3.852711302892489e+00	1.001679409685789e+09	5.572890377979168e+08	1.536914703353115e+09	-1.280383544981350e+04	-3.350421996663169e+07	1.273263065447422e+04	6.945712743416463e+04
1.504712852524435e+02	7.751915081405067e+05	9.773268860070009e+01	-4.624583734768359e-08	-3.848927147927749e+00	1.001814022713092e+09	5.591950250031875e+08	1.538901095812181e+09	-1.281734145530208e+04	-3.334951641051836e+07	1.274438300398258e+04	6.984561798483784e+04
1.516422680170540e+02	7.758548371297515e+05	9.777877942222175e+01	-4.620629878544029e-08	-3.845142563299363e+00	1.001862213124085e+09	5.611483822681319e+08	1.540848601679955e+09	-1.283079630539944e+04	-3.319135987830115e+07	1.275603649762279e+04	7.023070151246522e+04
1.528132507816644e+02	7.765137706012204e+05	9.782548053253852e+01	-4.616708909940110e-08	-3.841325228706532e+00	1.001902389117112e+09	5.631695965389537e+08	1.542856098951277e+09	-1.284414505929586e+04	-3.302836662428705e+07	1.276763168935658e+04	7.061207923413820e+04
1.539842335462749e+02	7.771692647778465e+05	9.787284696509759e+01	-4.612815004179027e-08	-3.837473424513631e+00	1.001942426456636e+09	5.652622343046790e+08	1.544934988081199e+09	-1.285740861085466e+04	-3.286039916244737e+07	1.277920088027862e+04	7.098997743773939e+04
1.551552163108854e+02	7.778214467326605e+05	9.792087666108148e+01	-4.608947287972985e-08	-3.833587314978968e+00	1.001982350366133e+09	5.674274694397477e+08	1.547086430785924e+09	-1.287059255439577e+04	-3.268739914592287e+07	1.279073793126862e+04	7.136452468244368e+04
1.563261990754958e+02	7.784704435386932e+05	9.796956812781204e+01	-4.605104894142426e-08	-3.829666982826487e+00	1.002022185790573e+09	5.696664979302933e+08	1.549311609264781e+09	-1.288370713545262e+04	-3.250930491476429e+07	1.280225002531756e+04	7.173584952742596e+04
1.574971818401063e+02	7.791163822689756e+05	9.801892043523763e+01	-4.601286962122520e-08	-3.825712429646416e+00	1.002061958039927e+09	5.719805398755882e+08	1.551611728620505e+09	-1.289673980543676e+04	-3.232605109704596e+07	1.281359065093323e+04	7.210408053186112e+04
1.586681646047167e+02	7.797581038930541e+05	9.806883326239938e+01	-4.597500219551837e-08	-3.821720478620088e+00	1.002101602119047e+09	5.743660731257719e+08	1.553983249732195e+09	-1.290977482351527e+04	-3.213742223415796e+07	1.282477044980122e+04	7.246804511020682e+04
1.598391473693272e+02	7.803951856922315e+05	9.811925994822278e+01	-4.593747016326979e-08	-3.817690150676162e+00	1.002141110301534e+09	5.768219141752576e+08	1.556424974567906e+09	-1.292267536569926e+04	-3.194329992029786e+07	1.283586099396342e+04	7.282731559998762e+04
1.610101301339376e+02	7.810278105993358e+05	9.817020093952810e+01	-4.590283375357561e-08	-3.813622023871148e+00	1.002180517615519e+09	5.793490863275819e+08	1.558937911603862e+09	-1.293541582885795e+04	-3.174363940707015e+07	1.284690250663243e+04	7.318207707346682e+04
1.621811128985481e+02	7.816561615506270e+05	9.822165747425646e+01	-4.586593380337704e-08	-3.809516553716767e+00	1.002219858296068e+09	5.819486550457153e+08	1.561523109681863e+09	-1.294807135171301e+04	-3.153839134297101e+07	1.285790572898066e+04	7.353251460637995e+04
1.633520956631585e+02	7.822804214789330e+05	9.827363157658344e+01	-4.582933279824765e-08	-3.805374073872557e+00	1.002259166571868e+09	5.846217307748963e+08	1.564181661273140e+09	-1.296065321254968e+04	-3.132750137313682e+07	1.286886758997827e+04	7.387881327099030e+04
1.645230784277690e+02	7.829005394588949e+05	9.832610627941524e+01	-4.579303243158636e-08	-3.801195668003725e+00	1.002298453280294e+09	5.873684341871668e+08	1.566913669525995e+09	-1.297317609893365e+04	-3.111095483429154e+07	1.287969922838683e+04	7.422092154635696e+04
1.656940611923795e+02	7.835154037732363e+05	9.837897333372797e+01	-4.575709633453736e-08	-3.796986040510631e+00	1.002337630006452e+09	5.901839682678822e+08	1.569714334986485e+09	-1.298557610113459e+04	-3.088893098518358e+07	1.289041958530665e+04	7.455771471345150e+04
1.668650439569899e+02	7.841252795704807e+05	9.843224032818627e+01	-4.572150746663829e-08	-3.792745748390532e+00	1.002376737432055e+09	5.930695238409377e+08	1.572584837544163e+09	-1.299785901351617e+04	-3.066139939971562e+07	1.290104734520461e+04	7.488946102176142e+04
1.680360267216004e+02	7.847304319991514e+05	9.848591595826647e+01	-4.568624890487092e-08	-3.788475197549029e+00	1.002415815302995e+09	5.960263741254691e+08	1.575526437448368e+09	-1.301000020461855e+04	-3.042832290999187e+07	1.291162496073186e+04	7.521642872077422e+04
1.692070094862108e+02	7.853311262077718e+05	9.854001002112970e+01	-4.565130383476384e-08	-3.784174643514941e+00	1.002454902297986e+09	5.990558787037590e+08	1.578540478855945e+09	-1.302203315856941e+04	-3.018965709285579e+07	1.292214635920538e+04	7.553888605997738e+04
1.703779922508213e+02	7.859272218054876e+05	9.859449637020606e+01	-4.561667908870576e-08	-3.779849730637631e+00	1.002493965380661e+09	6.021573501164017e+08	1.581626280598226e+09	-1.303400733293322e+04	-2.994566217809605e+07	1.293256766061644e+04	7.585669100661781e+04
1.715489750154317e+02	7.865185273380739e+05	9.864934363107847e+01	-4.558238442974150e-08	-3.775508594102326e+00	1.002532944657516e+09	6.053297028580410e+08	1.584782789965905e+09	-1.304583336643463e+04	-2.969675680598544e+07	1.294295353553239e+04	7.616964986737602e+04
1.727199577800422e+02	7.868235430068129e+05	9.867805743623764e+01	-4.556471422297676e-08	-3.773320450944098e+00	1.002555638768792e+09	6.070178297448001e+08	1.586463144030239e+09	-1.305253323275027e+04	-2.956928121884357e+07	1.294882112562680e+04	7.647823275428770e+04
1.738909405446526e+02	7.871246467768211e+05	9.870682909616453e+01	-4.554728407315286e-08	-3.771111091702907e+00	1.002578354819352e+09	6.087359457836579e+08	1.588173287572018e+09	-1.305906094788132e+04	-2.943853398128239e+07	1.295448348979120e+04	7.678285799204433e+04
1.750619233092631e+02	7.874187353813995e+05	9.873534653180657e+01	-4.553027287964416e-08	-3.768895768913715e+00	1.002600810016649e+09	6.104653111358727e+08	1.589894396902033e+09	-1.306530147004066e+04	-2.930539190644136e+07	1.296006534926067e+04	7.708038602063314e+04
1.762329060738736e+02	7.877064374189897e+05	9.876365175406877e+01	-4.551364339674688e-08	-3.766675332375483e+00	1.002623051561926e+09	6.122080441904310e+08	1.591628610639822e+09	-1.307137238678148e+04	-2.916989510891126e+07	1.296552750282354e+04	7.737145279007805e+04
1.774038888384840e+02	7.879870148080685e+05	9.879165306878976e+01	-4.549743742167087e-08	-3.764456691617596e+00	1.002644993484578e+09	6.139580685136884e+08	1.593369794999907e+09	-1.307733656514040e+04	-2.903246140524282e+07	1.297073751958971e+04	7.765531158684750e+04
1.785748716030944e+02	7.882593758019117e+05	9.881921992984979e+01	-4.548171705287022e-08	-3.762247321714757e+00	1.002666539012413e+09	6.157066028383161e+08	1.595109116384353e+09	-1.308304384262225e+04	-2.889356331650012e+07	1.297580306528696e+04	7.793085789602477e+04
1.797458543677049e+02	7.885245093401420e+05	9.884643070728464e+01	-4.546642427121223e-08	-3.760031163786911e+00	1.002687908532003e+09	6.174580627175115e+08	1.596850792617072e+09	-1.308849891981484e+04	-2.875219286323055e+07	1.298074269405614e+04	7.819837992083830e+04
1.809168371323154e+02	7.887902495979848e+05	9.887407989662967e+01	-4.545110681712794e-08	-3.757662833391398e+00	1.002710857917390e+09	6.192649802733222e+08	1.598645584691383e+09	-1.309380392892926e+04	-2.859892831936236e+07	1.298581364698666e+04	7.846014800856692e+04
1.820878198969258e+02	7.890598859050360e+05	9.890251556539245e+01	-4.543557533809969e-08	-3.755068384387169e+00	1.002736440376547e+09	6.211520597692977e+08	1.600517173179770e+09	-1.309906572890514e+04	-2.842863424103554e+07	1.299089670998628e+04	7.871700473909907e+04
1.832588026615363e+02	7.893359880029751e+05	9.893202257913008e+01	-4.541968241482833e-08	-3.752193945205475e+00	1.002765561387253e+09	6.231405759117073e+08	1.602486037067545e+09	-1.310428036476035e+04	-2.823730619683006e+07	1.299617289534794e+04	7.897009806124950e+04
1.844297854261467e+02	7.896205217707584e+05	9.896283104969180e+01	-4.540331577859041e-08	-3.748993773800166e+00	1.002799075337830e+09	6.252488604563926e+08	1.604569738337946e+09	-1.310970142510447e+04	-2.802133882207898e+07	1.300152997574145e+04	7.922034316469746e+04
1.856007681907572e+02	7.899145054103311e+05	9.899507521777751e+01	-4.538641796143447e-08	-3.745432831887867e+00	1.002837748673633e+09	6.274892537306194e+08	1.606779903933879e+09	-1.311532463489563e+04	-2.777773175978401e+07	1.300707445287767e+04	7.946813424740708e+04
1.867717509553677e+02	7.902204507214798e+05	9.902905923115711e+01	-4.536884595428139e-08	-3.741462489941002e+00	1.002882559386405e+09	6.298863849474332e+08	1.609140394047169e+09	-1.312119262062967e+04	-2.750244477538621e+07	1.301284860663075e+04	7.971519217851530e+04
1.879427337199781e+02	7.905390347662412e+05	9.906489108361160e+01	-4.535056249506729e-08	-3.737059043095603e+00	1.002934202652736e+09	6.324517444870943e+08	1.611662052309307e+09	-1.312729676741092e+04	-2.719305338575506e+07	1.301888721136856e+04	7.996211049817147e+04
1.891137164845885e+02	7.908708357878672e+05	9.910267006206448e+01	-4.533153617602938e-08	-3.732197550950887e+00	1.002993407607840e+09	6.351965500416913e+08	1.614355393982932e+09	-1.313355619781170e+04	-2.684697880119115e+07	1.302521352228569e+04	8.020915075865337e+04
1.902846992491990e+02	7.912161124720180e+05	9.914246074402307e+01	-4.531175407042794e-08	-3.726860525188085e+00	1.003060836097875e+09	6.381297231820958e+08	1.617228714020518e+09	-1.313982020737693e+04	-2.646210976944369e+07	1.303180173810371e+04	8.045663264921917e+04
1.914556820138095e+02	7.915747579004811e+05	9.918428587104319e+01	-4.529122429557817e-08	-3.721038481038199e+00	1.003137061359222e+09	6.412572380205784e+08	1.620287419484053e+09	-1.314637696969504e+04	-2.603687044371504e+07	1.303847645375938e+04	8.070476702426706e+04
1.926266647784199e+02	7.919453630525715e+05	9.922801392181827e+01	-4.527002945056465e-08	-3.714734649838523e+00	1.003222507200527e+09	6.445736395198163e+08	1.623525508535338e+09	-1.315309730929331e+04	-2.557059838484654e+07	1.304539201593580e+04	8.095237918602928e+04
1.937976475430304e+02	7.923272091027719e+05	9.927358984127717e+01	-4.524821248053559e-08	-3.707947911754338e+00	1.003317667247089e+09	6.480788426165214e+08	1.626942407905706e+09	-1.315981420315807e+04	-2.506231367523021e+07	1.305243188066122e+04	8.119932842184920e+04
1.949686303076408e+02	7.927200682899677e+05	9.932101474865637e+01	-4.522578820572416e-08	-3.700675100355622e+00	1.003423054106485e+09	6.517768656628103e+08	1.630541678371565e+09	-1.316679716942370e+04	-2.451087728966900e+07	1.305920425827458e+04	8.144549021194095e+04
1.961396130722513e+02	7.931449907328767e+05	9.937288470408619e+01	-4.520155877309357e-08	-3.692643511718848e+00	1.003542794208228e+09	6.558730378692483e+08	1.634527531956840e+09	-1.317409262335296e+04	-2.389445365655039e+07	1.306640189597713e+04	8.169546792465441e+04
1.973105958368618e+02	7.936135461724418e+05	9.943070786941790e+01	-4.517487142213101e-08	-3.683707484833689e+00	1.003679910481445e+09	6.604943443351165e+08	1.639026878232941e+09	-1.318200209163888e+04	-2.320031504526145e+07	1.307436052736025e+04	8.195181561634851e+04
1.984815786014722e+02	7.941308213147178e+05	9.949522690315301e+01	-4.514544574924890e-08	-3.673811022880388e+00	1.003836580253283e+09	6.657110274054080e+08	1.644110599430917e+09	-1.319106896920801e+04	-2.242237427719690e+07	1.308312220898395e+04	8.221587410841853e+04
1.996525613660826e+02	7.946989435643210e+05	9.956682837013639e+01	-4.511317174408613e-08	-3.662938165644662e+00	1.004014683322098e+09	6.715667214909359e+08	1.649823411726408e+09	-1.320096872474916e+04	-2.155757028622252e+07	1.309284678298930e+04	8.248809858556089e+04
2.008235441306931e+02	7.953168597720655e+05	9.964549911003417e+01	-4.507812135379118e-08	-3.651114924483014e+00	1.004215736000060e+09	6.780735964735550e+08	1.656178991852730e+09	-1.321216343425651e+04	-2.060617235236530e+07	1.310388387012453e+04	8.276835249675115e+04
2.019945268953036e+02	7.959828373979799e+05	9.973113181382699e+01	-4.504040568041726e-08	-3.638382370805098e+00	1.004441143896504e+09	6.852359432995726e+08	1.663183421733248e+09	-1.322438999251383e+04	-1.956974565526082e+07	1.311606239814905e+04	8.305653066936877e+04
2.031655096599140e+02	7.966944677447245e+05	9.982352236648174e+01	-4.500017429603089e-08	-3.624793625831989e+00	1.004692192786595e+09	6.930496314658766e+08	1.670834585069006e+09	-1.323762828415433e+04	-1.845095938643532e+07	1.312944821974563e+04	8.335214552258870e+04
2.043364924245245e+02	7.974477262378959e+05	9.992224392496456e+01	-4.495766773026228e-08	-3.610423938344686e+00	1.004969876510955e+09	7.014911743462265e+08	1.679111238662375e+09	-1.325111946391790e+04	-1.725447097807484e+07	1.314405930957174e+04	8.365390566816967e+04
2.055074751891349e+02	7.982381918251084e+05	1.000268010517557e+02	-4.494551856024153e-08	-3.595358143598664e+00	1.005274969371403e+09	7.105299619342767e+08	1.687985144400229e+09	-1.326468452880094e+04	-1.598595282784379e+07	1.315978763606130e+04	8.396106589889496e+04
2.066784579537454e+02	7.990613527593815e+05	1.001366693080968e+02	-4.489921747069601e-08	-3.579687470999284e+00	1.005607990269947e+09	7.201313752968662e+08	1.697424144324985e+09	-1.327805484772822e+04	-1.465185701402794e+07	1.317581196211178e+04	8.427205369769255e+04
2.078494407183558e+02	7.999107580537715e+05	1.002510468150726e+02	-4.485154009341011e-08	-3.563527403788692e+00	1.005968932670114e+09	7.302351564271291e+08	1.707370531995461e+09	-1.329281384970889e+04	-1.326097677388321e+07	1.319126239208788e+04	8.458506646887636e+04
2.090204234829663e+02	8.007789627674225e+05	1.003689745952900e+02	-4.480291199911200e-08	-3.547008407791180e+00	1.006357294582312e+09	7.407649089707336e+08	1.717750437831658e+09	-1.330817138782468e+04	-1.182373093745380e+07	1.320636469462927e+04	8.489838114668526e+04
2.101914062475767e+02	8.016581725464974e+05	1.004894211386886e+02	-4.475377485315545e-08	-3.530269264477745e+00	1.006772069344425e+09	7.516349666921374e+08	1.728480636664570e+09	-1.332313904586862e+04	-1.035163464256536e+07	1.322082159396716e+04	8.521017249559544e+04
2.113623890121872e+02	8.025391458406355e+05	1.006111299976827e+02	-4.470464708930515e-08	-3.513466315341707e+00	1.007211563257824e+09	7.627365036975138e+08	1.739454604261581e+09	-1.333817216440392e+04	-8.858153655450065e+06	1.323611383571072e+04	8.551805084564183e+04
2.125333717767977e+02	8.034122782971523e+05	1.007327648600607e+02	-4.465606287420022e-08	-3.496764498006310e+00	1.007673372768904e+09	7.739497531060308e+08	1.750554631643053e+09	-1.335340750398622e+04	-7.357965852597936e+06	1.325102019544586e+04	8.582032943108337e+04
2.137043545414081e+02	8.042673709361405e+05	1.008528756319783e+02	-4.460858474518307e-08	-3.480338295624452e+00	1.008154283781242e+09	7.851405922866822e+08	1.761648362887988e+09	-1.336752894846352e+04	-5.867080612033729e+06	1.326552847276489e+04	8.611457089872396e+04
2.148753373060186e+02	8.050935099855996e+05	1.009698786967603e+02	-4.456280993005441e-08	-3.464372982704208e+00	1.008650123702121e+09	7.961582682584467e+08	1.772586424588883e+09	-1.338155940015239e+04	-4.402991091297068e+06	1.327987284086622e+04	8.639839620545047e+04
2.160463200706290e+02	8.058795653831451e+05	1.010821243247149e+02	-4.451934332651778e-08	-3.449059741056341e+00	1.009155706265888e+09	8.068411697842858e+08	1.783208062585308e+09	-1.339444787215613e+04	-2.984262752815482e+06	1.329393633289752e+04	8.666976818296617e+04
2.172173028352395e+02	8.066138253997560e+05	1.011878420987191e+02	-4.447881736465862e-08	-3.434601792252478e+00	1.009664609366522e+09	8.170113727020820e+08	1.793335639710697e+09	-1.340586134364403e+04	-1.631131223785627e+06	1.330672405613496e+04	8.692599542935632e+04
2.183882855998499e+02	8.072817707877695e+05	1.012848138111279e+02	-4.444201554754463e-08	-3.421232825961580e+00	1.010167218393527e+09	8.264431364606217e+08	1.802741404861560e+09	-1.341552065624119e+04	-3.672908956471471e+05	1.331842474885808e+04	8.716268136627453e+04
2.195592683644604e+02	8.078586161417473e+05	1.013692667936673e+02	-4.441028203058733e-08	-3.409311606165220e+00	1.010636215799413e+09	8.347547676397724e+08	1.811026379206623e+09	-1.342260356212499e+04	7.709555829355302e+05	1.332892956559408e+04	8.737414425287125e+04
2.207302511290708e+02	8.083314307540013e+05	1.014390842167931e+02	-4.438430525091135e-08	-3.399094582285517e+00	1.011052462765638e+09	8.417121279477006e+08	1.817950077340162e+09	-1.342728539699112e+04	1.756149599210157e+06	1.333730119272819e+04	8.755769037415805e+04
2.219012338936813e+02	8.087036198352076e+05	1.014945244246872e+02	-4.436387829091158e-08	-3.390709432957003e+00	1.011400117905279e+09	8.473043647323235e+08	1.823502504964803e+09	-1.343071907979910e+04	2.572638981276272e+06	1.334289274000638e+04	8.771385550427837e+04
2.230722166582918e+02	8.089857787140287e+05	1.015369284152552e+02	-4.434840501186228e-08	-3.384084907662672e+00	1.011672829604418e+09	8.516334375980132e+08	1.827784652832042e+09	-1.343333403341264e+04	3.223963907934329e+06	1.334686061877860e+04	8.784474819721629e+04
2.242431994229022e+02	8.091920084065952e+05	1.015682011864678e+02	-4.433710243247818e-08	-3.379058758707424e+00	1.011870722422803e+09	8.548636148272607e+08	1.830961233898420e+09	-1.343492556697517e+04	3.722897491967272e+06	1.334939162721569e+04	8.795402778281225e+04
2.254141821875127e+02	8.093374353873149e+05	1.015904546326866e+02	-4.432913565607012e-08	-3.375420231115982e+00	1.012000061068979e+09	8.571870629842674e+08	1.833227473627198e+09	-1.343620146561687e+04	4.087532904598477e+06	1.335102813052882e+04	8.804492543375966e+04
2.265851649521231e+02	8.094391596491771e+05	1.016061630333642e+02	-4.432356470152157e-08	-3.372902530915372e+00	1.012074144947263e+09	8.588403418020307e+08	1.834826551486215e+09	-1.343748634531367e+04	4.342230530113642e+06	1.335226446234283e+04	8.812136464987195e+04
2.277561477167336e+02	8.095159328245424e+05	1.016181268928804e+02	-4.431936112644853e-08	-3.371192399292779e+00	1.012114345388403e+09	8.601019479782155e+08	1.836048466653536e+09	-1.343862348450217e+04	4.516853147560676e+06	1.335344402580842e+04	8.818765955572674e+04
2.289271304813440e+02	8.095787297799934e+05	1.016280019273061e+02	-4.431592338637471e-08	-3.370039275481942e+00	1.012136047938960e+09	8.611411690610553e+08	1.837066399764222e+09	-1.343966912407705e+04	4.635692369033887e+06	1.335447008189822e+04	8.824640476113424e+04
2.300981132459545e+02	8.096306423745906e+05	1.016362392845128e+02	-4.431308189953394e-08	-3.369246824351800e+00	1.012146039753260e+09	8.620077442410820e+08	1.837923326235600e+09	-1.344062474384497e+04	4.718112418191317e+06	1.335539707013485e+04	8.829795783179365e+04
2.312690960105649e+02	8.096761380947607e+05	1.016435233576094e+02	-4.431059194630196e-08	-3.368587559183459e+00	1.012152593135932e+09	8.627786637423829e+08	1.838687982005154e+09	-1.344147942738936e+04	4.787305285948999e+06	1.335622151525223e+04	8.834398563334974e+04
2.324400787751754e+02	8.097121987704473e+05	1.016493484052905e+02	-4.430861856619103e-08	-3.368050326640713e+00	1.012158025364694e+09	8.634008906945435e+08	1.839304986184508e+09	-1.344215578040685e+04	4.844199633155484e+06	1.335689232950889e+04	8.838046804572336e+04
2.336110615397859e+02	8.097300324757987e+05	1.016522547644662e+02	-4.430764270161732e-08	-3.367774802779750e+00	1.012160864194527e+09	8.637142515027237e+08	1.839615569215425e+09	-1.344245317929557e+04	4.873639585955550e+06	1.335719797601136e+04	8.839851031976267e+04
