WARNING: 2 open meshes merged
     Merged: MainWing
     Merged: HorzTail
...Mass Properties...
26 Num Comps
26 Total Num Meshes
59520 Total Num Tris

2.597653153196767e+03             Total Mass
9.378922609375275e+00 2.135307446674635e-03 -6.316986384256700e-01       Center of Gravity
3.758748869713051e+04 1.086185813258229e+05 1.267245473522419e+05       Ixx, Iyy, Izz
-3.896720937915323e+00 2.667743321282810e+03 2.699802864163755e+01       Ixy, Ixz, Iyz
4.182718188838870e+02             Volume

Name	Mass	cgX	cgY	cgZ	Ixx	Iyy	Izz	Ixy	Ixz	Iyz	Volume
FuselageGeom	4.885742090577945e+02	1.059622700057242e+01	1.177967795656354e-03	-2.401407582612663e-01	1.732397530612395e+03	1.876546220784375e+04	1.837660145857513e+04	2.948840173634811e+00	-2.480232790496657e+02	1.156521491500838e+00	1.747341686838841e+02
PropGeom	0.000000000000000e+00	0.000000000000000e+00	0.000000000000000e+00	0.000000000000000e+00	0.000000000000000e+00	0.000000000000000e+00	0.000000000000000e+00	0.000000000000000e+00	0.000000000000000e+00	0.000000000000000e+00	1.362265408209849e-01
PropGeom	0.000000000000000e+00	0.000000000000000e+00	0.000000000000000e+00	0.000000000000000e+00	0.000000000000000e+00	0.000000000000000e+00	0.000000000000000e+00	0.000000000000000e+00	0.000000000000000e+00	0.000000000000000e+00	1.365190795113049e-01
Cone	0.000000000000000e+00	0.000000000000000e+00	0.000000000000000e+00	0.000000000000000e+00	0.000000000000000e+00	0.000000000000000e+00	0.000000000000000e+00	0.000000000000000e+00	0.000000000000000e+00	0.000000000000000e+00	7.938911049812224e-02
MainWing	2.333671367237758e+02	8.502465049718140e+00	3.065257087663908e-08	-3.677612171638474e+00	2.126996055356292e+04	2.867240231955877e+02	2.154520180926188e+04	-2.832984955751380e-01	7.218349294888718e-01	4.712333502826428e-01	4.758515899101577e+01
HorzTail	1.502255926450078e+01	2.462507161148643e+01	1.350561627811290e-15	-1.689992090185073e-17	1.574886067215891e+02	1.283025379611680e+01	1.699265462688178e+02	-1.799563522934744e-02	-3.054864215018235e-03	2.924563281960310e-02	1.363579855178529e+01
VertTail	1.008896387971208e+01	2.576374852309265e+01	1.350728490616223e-09	-2.703793806637881e+00	1.882659306901391e+01	3.668366699524945e+01	1.812335969105355e+01	2.164069769487723e-03	-1.350466074343305e+01	-5.217756164655814e-04	4.431203390597437e+00
Right Wheel	2.570249536910338e+01	8.805404403021514e+00	-4.738100000000001e+00	4.048000000000013e+00	1.628086278119756e+01	2.916835536620749e+01	1.666610065693667e+01	-2.934461961790578e-02	-4.601686449690739e-03	5.865098531994437e-02	4.083325978092582e+00
Left Wheel	2.570254099443328e+01	8.804952266853915e+00	4.796797845150842e+00	4.047795009392843e+00	1.627475119715320e+01	2.916862161929700e+01	1.665933428371256e+01	-2.913761971668369e-02	-4.736405584259225e-03	5.812265504920950e-02	4.083462973552761e+00
Nose Wheel	1.285122483012453e+01	3.090740573792251e+00	2.380999412608373e-02	4.048000036931231e+00	8.131169582495849e+00	1.458339719268093e+01	8.324195422909060e+00	-1.314959590322138e-02	-2.218715533102093e-03	2.791549687192120e-02	4.083643098228294e+00
Main Gear Strut L	2.570809608471618e+01	8.820220373945203e+00	3.607218552715354e+00	2.839823470463410e+00	3.541902849611917e+01	2.343293553713130e+01	1.567359024716514e+01	-1.044037495222311e+00	-1.338479003031543e+00	1.598218582409851e+01	2.224749780166723e+00
Main Gear Strut R	2.570480358140669e+01	8.820699298233112e+00	-3.483667642537898e+00	2.840393914176174e+00	3.328697322762046e+01	2.357674392430070e+01	1.339530123212927e+01	9.233278230226406e-01	-1.368526453429588e+00	-1.436444001223769e+01	2.151029588402240e+00
Nose Strut	1.285120347441940e+01	3.210684599167161e+00	-2.461954906562835e-03	2.236964517660986e+00	1.391325227799713e+00	1.381249678211188e+00	1.075075036052312e+00	-1.532079976993513e-03	2.849746320132459e-02	1.745051376166248e-02	2.962226157907462e-01
Wing Strut R	0.000000000000000e+00	0.000000000000000e+00	0.000000000000000e+00	0.000000000000000e+00	0.000000000000000e+00	0.000000000000000e+00	0.000000000000000e+00	0.000000000000000e+00	0.000000000000000e+00	0.000000000000000e+00	8.117085227589671e-01
Wing Strut L	0.000000000000000e+00	0.000000000000000e+00	0.000000000000000e+00	0.000000000000000e+00	0.000000000000000e+00	0.000000000000000e+00	0.000000000000000e+00	0.000000000000000e+00	0.000000000000000e+00	0.000000000000000e+00	8.108744967468384e-01
FrontHumans	0.000000000000000e+00	0.000000000000000e+00	0.000000000000000e+00	0.000000000000000e+00	0.000000000000000e+00	0.000000000000000e+00	0.000000000000000e+00	0.000000000000000e+00	0.000000000000000e+00	0.000000000000000e+00	0.000000000000000e+00
FrontHumans	0.000000000000000e+00	0.000000000000000e+00	0.000000000000000e+00	0.000000000000000e+00	0.000000000000000e+00	0.000000000000000e+00	0.000000000000000e+00	0.000000000000000e+00	0.000000000000000e+00	0.000000000000000e+00	0.000000000000000e+00
FrontHumanBox	3.000315383696501e+02	6.666163325800035e+00	3.438189872764717e-09	-7.608696017420591e-01	1.022130097151789e+03	7.185405362258413e+02	6.766095228860260e+02	-4.878907489384381e-01	-7.510905001348002e-02	8.077544514729700e-01	5.495687041977568e+01
RearHumans	0.000000000000000e+00	0.000000000000000e+00	0.000000000000000e+00	0.000000000000000e+00	0.000000000000000e+00	0.000000000000000e+00	0.000000000000000e+00	0.000000000000000e+00	0.000000000000000e+00	0.000000000000000e+00	0.000000000000000e+00
RearHumans	0.000000000000000e+00	0.000000000000000e+00	0.000000000000000e+00	0.000000000000000e+00	0.000000000000000e+00	0.000000000000000e+00	0.000000000000000e+00	0.000000000000000e+00	0.000000000000000e+00	0.000000000000000e+00	0.000000000000000e+00
RearHumanBox	2.999985069799103e+02	9.372449841802977e+00	9.271012390320659e-07	-7.608699265552512e-01	1.021974596360007e+03	7.184698370699956e+02	6.764837957803968e+02	-5.182600989567653e-01	-7.766049899227141e-02	7.911982096707068e-01	5.495685992890883e+01
Fuel Cell	1.110095446802370e+02	8.470354280427360e+00	3.043500000000026e+00	-3.695700000000036e+00	2.388415629773700e+02	1.031930696229904e+02	3.405795059129027e+02	-9.283977620315462e-02	-8.670745905310013e-03	1.561981208721934e-01	3.972429582402571e+00
Fuel Cell	1.110095446802375e+02	8.470354280427317e+00	-3.043500000000007e+00	-3.695700000000023e+00	2.388539943022846e+02	1.031919736170890e+02	3.405930332437170e+02	-7.924502328686789e-02	-5.681527928659538e-03	1.569975622857707e-01	3.972429582402564e+00
Cargo	1.199985323678564e+02	1.478883589736775e+01	-6.921631322552585e-16	5.134690848130111e-01	9.404416782115020e+01	3.140087104606141e+02	3.111415649242500e+02	-1.761869341165206e-01	-2.353062626356111e+01	3.453062593238588e-01	2.291535201616559e+01
Engine	5.178697682568423e+02	2.606733510973622e+00	-2.039221334491173e-15	-3.321591458348031e-17	5.207617312507516e+02	5.927849331882010e+02	7.201093799570256e+02	-8.295696639028717e-01	-1.505257884220197e-01	1.262052449690312e+00	1.731230044919100e+01
OtherPlaceholder	2.621624846022706e+02	2.200178682531995e+01	-8.940861101068312e-17	5.434799999999970e-01	4.769102978264601e+01	4.312720023803089e+01	4.604692150691132e+01	-3.951922744227698e-01	-5.823728893620489e-02	4.245834836686367e-01	9.020955029928581e-01
Name	Mass	cgX	cgY	cgZ	Ixx	Iyy	Izz	Ixy	Ixz	Iyz	Volume
Totals	2.597653153196767e+03	9.378922609375275e+00	2.135307446674635e-03	-6.316986384256700e-01	3.758748869713051e+04	1.086185813258229e+05	1.267245473522419e+05	-3.896720937915323e+00	2.667743321282810e+03	2.699802864163755e+01	4.182718188838870e+02

...Filling Mass Properties (Volume Only -- No Shell or Point Mass)...
100 Num Slice

Slice	Mass	cgX	cgY	cgZ	Ixx	Iyy	Izz	Ixy	Ixz	Iyz	Volume
-5.506007495011921e-01	1.864792734253650e+00	-5.506007495011915e-01	-9.509380432470491e-03	-1.207114571271392e-02	1.437393104292481e+00	3.997680512945545e-01	1.107880799528398e+00	-4.289639758884340e-03	-6.531133797222908e-04	8.190989647551047e-03	6.748652492543284e-01
-2.499022485035763e-01	3.733635091112304e+00	-4.000884252930880e-01	-9.874590564095415e-03	-1.204630938286453e-02	2.875262633868816e+00	8.840232949973272e-01	2.300700076470262e+00	-8.781923240729628e-03	-1.294157631544204e-03	1.635303689657856e-02	1.414690097985086e+00
5.079625249403941e-02	5.871175667010469e+00	-2.359331779486490e-01	-5.748701877730291e-03	-8.807269506766647e-03	4.705546614832798e+00	1.612194775537554e+00	4.036034694867472e+00	-4.736566133287172e-03	3.676825773268297e-03	2.275994059585056e-02	2.451907867345721e+00
3.514947534916552e-01	9.446839320943862e+00	-1.358953131758626e-02	-2.138126979218745e-03	-4.196146337657215e-03	8.825320614742409e+00	3.637015935338107e+00	7.799378754968942e+00	2.333906901824998e-03	1.869193933940040e-02	3.145021052389337e-02	3.730711792074230e+00
6.521932544892709e-01	1.436407790815960e+01	2.143271387259356e-01	-4.626433734187313e-04	-1.919483742248040e-03	1.574015581900186e+01	7.428130897378502e+00	1.397533851125196e+01	3.438341496739212e-03	3.150946679343769e-02	4.126392657588081e-02	5.489317917468820e+00
9.528917554868866e-01	2.050330598072971e+01	4.354727741121200e-01	3.369042586581907e-04	-7.561174685559275e-04	2.580964481345067e+01	1.343546904344697e+01	2.296096322328220e+01	9.935286778648656e-04	4.211176360189557e-02	5.358063592847515e-02	7.684957584351359e+00
1.253590256484503e+00	7.575540498341957e+01	1.032165619220166e+00	9.118360733308908e-05	-2.046442470813342e-04	8.697324692651699e+01	4.758482517084933e+01	7.207480906841899e+01	-8.724449868002414e-02	3.584390270299592e-02	1.852078971201386e-01	1.065545738965394e+01
1.554288757482118e+00	1.320296477823105e+02	1.254707182778026e+00	5.231893909662693e-05	-1.174198982998795e-04	1.517059105503249e+02	8.209859157994730e+01	1.220184908694269e+02	-1.773955055589918e-01	2.315796084142707e-02	3.190912061109295e-01	1.399151772433695e+01
1.854987258479734e+00	1.900069036697779e+02	1.437872061953089e+00	1.330050699646363e-04	1.635018300621850e-02	2.327771001495119e+02	1.366494416208009e+02	1.797564932333092e+02	-2.628228789243061e-01	1.311810302725217e+00	5.306876324055435e-01	1.790588812990253e+01
2.155685759477350e+00	2.497725047467345e+02	1.609630627361674e+00	2.665000670053803e-04	4.054447164960125e-02	3.333800287606770e+02	2.176316589167460e+02	2.484810129863441e+02	-3.409043822939759e-01	4.594739910029866e+00	8.377650790564311e-01	2.242144279470847e+01
2.456384260474965e+00	3.102574547387555e+02	1.774705955519516e+00	3.543410998157650e-04	5.640727981433207e-02	4.384810341681124e+02	3.130785211209587e+02	3.302393855135118e+02	-4.186990320825530e-01	7.932659136315796e+00	1.154057830744254e+00	2.719078232944940e+01
2.757082761472581e+00	3.708123921252641e+02	1.935131462427454e+00	3.819973787888802e-04	6.173549242478260e-02	5.385872230712467e+02	4.160775290319651e+02	4.274200564290595e+02	-5.057572414735946e-01	9.539270425004565e+00	1.425342245112963e+00	3.200468122342200e+01
3.057781262470197e+00	4.378435519845939e+02	2.107002254795203e+00	3.559233486966276e-04	9.598123967084067e-02	6.684326562310806e+02	5.707226628550416e+02	5.482427724031608e+02	-6.125717511670243e-01	2.377753920914119e+01	1.661527174208537e+00	3.702417103345442e+01
3.358479763467813e+00	5.053475508363741e+02	2.274173810625716e+00	3.372649768995188e-04	1.223615215444758e-01	8.007435565062543e+02	7.473216651068168e+02	6.897016339568190e+02	-7.197265176091701e-01	3.821494754459537e+01	1.903741150983183e+00	4.213903913198517e+01
3.659178264465429e+00	5.670658988611967e+02	2.424914997972138e+00	3.719808583642846e-04	1.204460185134802e-01	9.105103612734748e+02	9.148510939833204e+02	8.452743474296838e+02	-7.955082517141404e-01	3.685686810960766e+01	2.218087963332746e+00	4.735430076566729e+01
3.959876765463044e+00	6.293069858474763e+02	2.576729122142941e+00	4.047398516681797e-04	1.190161485998206e-01	1.024080761793259e+03	1.112119472884742e+03	1.028206749804275e+03	-8.630634814198112e-01	3.559466727012249e+01	2.536007182277907e+00	5.275104469469696e+01
4.260575266460660e+00	6.436058463361015e+02	2.614138790248000e+00	4.574295272874548e-04	1.206418991588048e-01	1.081751198123464e+03	1.188309475955220e+03	1.089508659315051e+03	-8.334323063130842e-01	3.731309671522867e+01	2.671914261499652e+00	5.782111363089427e+01
4.561273767458276e+00	6.575624770579709e+02	2.655466336740843e+00	4.689476046006719e-04	1.141595661009187e-01	1.127155352564937e+03	1.263122127747961e+03	1.164208301249650e+03	-8.452234928786992e-01	2.918523558585120e+01	2.709828844573223e+00	6.281189879705004e+01
4.861972268455891e+00	6.723769327409328e+02	2.704082198986944e+00	4.787722918158518e-04	1.058752882727638e-01	1.178314445413061e+03	1.360866025393703e+03	1.259256645280584e+03	-8.587834512028365e-01	1.716085564497438e+01	2.750250937183953e+00	6.811015554143069e+01
5.162670769453507e+00	6.881126253488167e+02	2.760304963355654e+00	4.875198176219626e-04	9.576646188793370e-02	1.236431851394412e+03	1.486286034097871e+03	1.378430387942097e+03	-8.729893640895741e-01	4.452975625540240e-01	2.794742102792809e+00	7.373788438084438e+01
5.463369270451123e+00	7.232094975398836e+02	2.891482862474910e+00	4.638608076283301e-04	6.040056455853130e-02	1.381277509022880e+03	1.818704458017414e+03	1.680165000859830e+03	-9.778890032982710e-01	-6.534634210359732e+01	2.903312969952797e+00	8.047366477734658e+01
5.764067771448738e+00	7.584756318790131e+02	3.025046764916268e+00	4.422931041067235e-04	2.875734954635489e-02	1.525447936801598e+03	2.183652345454313e+03	2.015669042814080e+03	-1.074838855297691e+00	-1.310940902012084e+02	3.014381906301340e+00	8.726998025773790e+01
6.064766272446355e+00	7.943347387098715e+02	3.162270558922060e+00	4.223296885656137e-04	-1.252839254230637e-03	1.673854608046851e+03	2.590897238985155e+03	2.390935313924015e+03	-1.167069170045713e+00	-2.002921693149944e+02	3.116758950220984e+00	9.427836733631500e+01
6.365464773443970e+00	8.309606705835463e+02	3.303456510595145e+00	4.037400429485146e-04	-3.054578066672909e-02	1.829104735750793e+03	3.046394041326864e+03	2.810537968921471e+03	-1.278187560257486e+00	-2.748349443676819e+02	3.226801625768179e+00	1.015610021667101e+02
6.666163274441586e+00	8.773209728979733e+02	3.481152139655218e+00	3.824066353374410e-04	-9.658908599314157e-02	2.447102950089082e+03	3.763756153057143e+03	3.705982330511879e+03	-1.414384862887176e+00	-4.593893464309236e+02	3.361490415210202e+00	1.125657230766248e+02
6.966861775439201e+00	9.487746484145546e+02	3.743666284269580e+00	3.536081801839497e-04	-2.487599349062526e-01	4.347679027808093e+03	5.086125664676973e+03	5.892462651159346e+03	-1.586831500951468e+00	-9.247526711533696e+02	3.568136481709113e+00	1.236496252263433e+02
7.267560276436817e+00	1.025560219416657e+03	4.007506678247977e+00	3.273990504876441e-04	-3.963167510901915e-01	7.056635105728436e+03	6.507510675544326e+03	8.947164671535054e+03	-1.774207162300908e+00	-1.418105490427674e+03	3.773810707357201e+00	1.357899357878003e+02
7.568258777434433e+00	1.107752979049136e+03	4.271706411342322e+00	4.033265951813734e-04	-5.169335984386160e-01	1.018271143543565e+04	8.060020162962015e+03	1.245341916065994e+04	-1.607891310537503e+00	-1.858585177192528e+03	4.491410423898815e+00	1.488786621298169e+02
7.868957278432050e+00	1.194717292595273e+03	4.533552836641915e+00	5.509292973109387e-04	-6.080649761984728e-01	1.357980582947844e+04	9.757068604461834e+03	1.624358698074488e+04	-1.145475808431191e+00	-2.221746892163890e+03	5.710927366774007e+00	1.627463022712433e+02
8.169655779429664e+00	1.281739146858710e+03	4.780420868370233e+00	6.750650595456462e-04	-6.847899868864014e-01	1.696071448935924e+04	1.147262853385173e+04	2.005706051528184e+04	-7.327588863593946e-01	-2.555066196769728e+03	6.942779483639816e+00	1.766030912887159e+02
8.470354280427280e+00	1.377421091075324e+03	5.036740453704759e+00	1.417305866060606e-03	-7.225006730195562e-01	2.052167000721643e+04	1.345978812120553e+04	2.405900466183748e+04	2.642848811978785e+00	-2.733439993468263e+03	1.160107853721616e+01	1.909455321026315e+02
8.771052781424896e+00	1.479847137799429e+03	5.295206912294686e+00	2.215862872124911e-03	-7.391380698431235e-01	2.402838964714769e+04	1.559784599609904e+04	2.809048378530951e+04	6.628540373891753e+00	-2.819036979789949e+03	1.734780197661895e+01	2.056741969575062e+02
9.071751282422511e+00	1.580333560043272e+03	5.535340667467796e+00	2.851139783126057e-03	-7.499066313713540e-01	2.730929691744144e+04	1.773225736530279e+04	3.192484055335635e+04	1.005367477677872e+01	-2.879239336098666e+03	2.271103869045949e+01	2.200158945694834e+02
9.372449783420127e+00	1.660291790226768e+03	5.720132555097726e+00	2.839319112323467e-03	-7.921622206311695e-01	2.989862811736713e+04	1.940627507421580e+04	3.508429006116688e+04	9.873786613556996e+00	-3.135490724693083e+03	2.407837600311755e+01	2.324773472374832e+02
9.673148284417742e+00	1.738139187045042e+03	5.897179356874529e+00	2.833179181927708e-03	-8.247468675940782e-01	3.220200746641144e+04	2.110624387541100e+04	3.801460631635886e+04	9.734587639111506e+00	-3.349364155705106e+03	2.541143508306426e+01	2.445017026039021e+02
9.973846785415358e+00	1.810193686930324e+03	6.059450518730278e+00	2.781813903526185e-03	-8.582430653680354e-01	3.402627820605969e+04	2.269512236453459e+04	4.055236020639545e+04	9.288078643904868e+00	-3.586723931748304e+03	2.627057063877243e+01	2.554988811505384e+02
1.027454528641297e+01	1.858068878608213e+03	6.168057079157924e+00	2.708713161139505e-03	-8.708785989775537e-01	3.495214338636741e+04	2.369530908028453e+04	4.213720843471997e+04	8.664030073951896e+00	-3.683145814837378e+03	2.643516181793151e+01	2.651818260140532e+02
1.057524378741059e+01	1.902591103753133e+03	6.271188938911430e+00	2.645394746667385e-03	-8.783461248462502e-01	3.551364763388405e+04	2.468304765883779e+04	4.340171546382474e+04	8.071265358419902e+00	-3.744307977706580e+03	2.658938768527982e+01	2.742161878942715e+02
1.087594228840821e+01	1.926932042443182e+03	6.329356023424073e+00	2.619011722430642e-03	-8.827396568047358e-01	3.578448696760208e+04	2.528204843619966e+04	4.409367038315528e+04	7.798125443697656e+00	-3.782806884661787e+03	2.667981092674009e+01	2.823325762425138e+02
1.117664078940582e+01	1.948435046829014e+03	6.382850845205234e+00	2.597064096276791e-03	-8.830619779915408e-01	3.591696678744258e+04	2.584871316043525e+04	4.465962041939516e+04	7.548889761132278e+00	-3.785824515031756e+03	2.674633331029524e+01	2.898577151705644e+02
1.147733929040344e+01	1.967639130808846e+03	6.432572860997664e+00	2.578604847384978e-03	-8.812999495884819e-01	3.600010042054232e+04	2.639426563729891e+04	4.518503437136458e+04	7.329347700573534e+00	-3.768339973299242e+03	2.680306415168210e+01	2.967258829685093e+02
1.177803779140105e+01	1.985654961590247e+03	6.481072219394220e+00	2.562034691613667e-03	-8.791169479015727e-01	3.607411711011902e+04	2.695071956466661e+04	4.572350313924296e+04	7.120590436297975e+00	-3.745384989012142e+03	2.684691764621989e+01	3.031690827043565e+02
1.207873629239867e+01	2.002649875007211e+03	6.528575189057165e+00	2.546352719151870e-03	-8.765466674239190e-01	3.614002880647129e+04	2.752006693969223e+04	4.627670155359002e+04	6.913196205814725e+00	-3.716821252239853e+03	2.688199723779639e+01	3.092145342627168e+02
1.237943479339628e+01	2.022358722008260e+03	6.585594596895963e+00	2.524727389127737e-03	-8.707464802443754e-01	3.621047745626678e+04	2.823575632026485e+04	4.696842161331097e+04	6.624935616395513e+00	-3.648864878472413e+03	2.690246615721971e+01	3.150921901570426e+02
1.268013329439390e+01	2.041005852613492e+03	6.641275798851050e+00	2.504598409185726e-03	-8.648339523562837e-01	3.627394863573871e+04	2.896525349841866e+04	4.767567802230947e+04	6.344280723598150e+00	-3.575996346007218e+03	2.691989420699488e+01	3.205901327378902e+02
1.298083179539152e+01	2.058608069028522e+03	6.695482443770583e+00	2.499908398208169e-03	-8.588485223369481e-01	3.633108339201259e+04	2.970590697298544e+04	4.839558970735419e+04	6.251685762143182e+00	-3.498555503708034e+03	2.690338436863422e+01	3.257143711628771e+02
1.328153029638913e+01	2.075236837493520e+03	6.748256114159388e+00	2.482801696923125e-03	-8.528551454310466e-01	3.638266347310154e+04	3.045721808113175e+04	4.912750564400936e+04	5.994897317736333e+00	-3.417301164641936e+03	2.692228724407544e+01	3.304904646896012e+02
1.358222879738675e+01	2.090910860830285e+03	6.799485389077969e+00	2.467032140318487e-03	-8.468838596450688e-01	3.642918509172405e+04	3.121644003717388e+04	4.986847443739779e+04	5.747819239209501e+00	-3.332619916984082e+03	2.693432929444617e+01	3.349251022139531e+02
1.388292729838436e+01	2.105667029787850e+03	6.849124987426694e+00	2.452354588815972e-03	-8.409709829151605e-01	3.647119762801524e+04	3.198154755012026e+04	5.061634425246430e+04	5.507784410060367e+00	-3.245048723353520e+03	2.694037263330975e+01	3.390314773803065e+02
1.418362579938198e+01	2.119539875326583e+03	6.897130876842807e+00	2.439053057504185e-03	-8.351496690431748e-01	3.650918713718961e+04	3.275037697486068e+04	5.136883449426416e+04	5.280199599817993e+00	-3.155147947058361e+03	2.694443577015366e+01	3.428219398758568e+02
1.448432430037959e+01	2.132569004120108e+03	6.943485541149407e+00	2.427294664653532e-03	-8.294489747902120e-01	3.654359817507242e+04	3.352103861972607e+04	5.212396675383156e+04	5.069883776980671e+00	-3.063476439709007e+03	2.694836754374411e+01	3.463106546709647e+02
1.478502280137721e+01	2.144787758199457e+03	6.988158406807319e+00	2.415414328389356e-03	-8.238957230432508e-01	3.657482157562365e+04	3.429132636606235e+04	5.287945739890618e+04	4.851555166385359e+00	-2.970614942914905e+03	2.695210715125697e+01	3.495095462429487e+02
1.508572130237483e+01	2.156729952200973e+03	7.032996040253110e+00	2.404358117037065e-03	-8.185542292577752e-01	3.660447033413314e+04	3.509218879268734e+04	5.366613367045053e+04	4.641383603584484e+00	-2.877849476560486e+03	2.695826819069384e+01	3.526095285921464e+02
1.538641980337244e+01	2.168412443138845e+03	7.078000761435939e+00	2.393366150207880e-03	-8.134178720202692e-01	3.663262849163076e+04	3.592409169105558e+04	5.448444631083199e+04	4.426342314907568e+00	-2.785315041758391e+03	2.696585392779325e+01	3.556166304779684e+02
1.568711830437006e+01	2.179836691340658e+03	7.123120056839933e+00	2.383668557941340e-03	-8.084804115341478e-01	3.665934364713320e+04	3.678646957905072e+04	5.533379861060266e+04	4.230780214205566e+00	-2.693144601994853e+03	2.697364486652158e+01	3.585313741734331e+02
1.598781680536767e+01	2.191007685156874e+03	7.168317284230463e+00	2.373703990340200e-03	-8.037356535406011e-01	3.668467924324742e+04	3.767895751377702e+04	5.621381263091959e+04	4.023923902837463e+00	-2.601461611468055e+03	2.697965914150616e+01	3.613555437171873e+02
1.628851530636529e+01	2.201925276277448e+03	7.213537071666968e+00	2.363979299540567e-03	-7.991779426235984e-01	3.670870099724275e+04	3.860074011667282e+04	5.712366502796409e+04	3.815338314881265e+00	-2.510390160497942e+03	2.698433213244673e+01	3.640890860674786e+02
1.658921380736291e+01	2.212602758307556e+03	7.258781804138543e+00	2.353714439350947e-03	-7.948014516437134e-01	3.673146524717337e+04	3.955208123698900e+04	5.806360377106637e+04	3.589149410660115e+00	-2.420042029455030e+03	2.698757853675362e+01	3.667367555625551e+02
1.688991230836053e+01	2.223039801910631e+03	7.303999406150474e+00	2.343334091928590e-03	-7.906010206471890e-01	3.675302789562469e+04	4.053208390262378e+04	5.903271903984030e+04	3.353985993986605e+00	-2.330533689107203e+03	2.699050931097615e+01	3.692984344181579e+02
1.719061080935814e+01	2.233238909034866e+03	7.349151139979336e+00	2.332680289006905e-03	-7.865716986847867e-01	3.677344309802405e+04	4.154003716966780e+04	6.003028469631475e+04	3.106464260361772e+00	-2.241978367102349e+03	2.699460025849898e+01	3.717750174335401e+02
1.749130931035576e+01	2.239105649107767e+03	7.375724877483665e+00	2.332621277781657e-03	-7.844090831913153e-01	3.678666158436231e+04	4.215178100470980e+04	6.063576336379495e+04	3.095619798843312e+00	-2.192996866770517e+03	2.700408576264407e+01	3.738123969356335e+02
1.779200781135337e+01	2.244555554830564e+03	7.401016191770539e+00	2.332995753035014e-03	-7.824991174306222e-01	3.679829228049316e+04	4.275025981796077e+04	6.122886720719243e+04	3.093865399995700e+00	-2.148452070709201e+03	2.701524388423489e+01	3.757615066680453e+02
1.809270631235099e+01	2.249762802755083e+03	7.425762925569235e+00	2.333620089639007e-03	-7.806825989930448e-01	3.680915668460678e+04	4.335223467200917e+04	6.182570175053685e+04	3.098254200684445e+00	-2.104860762252374e+03	2.702672961185554e+01	3.776238320228319e+02
1.839340481334860e+01	2.254731546186052e+03	7.449932276761091e+00	2.334488457792860e-03	-7.789568590714997e-01	3.681929318532165e+04	4.395621908582631e+04	6.242477882952100e+04	3.109417560375066e+00	-2.062280474237620e+03	2.703889413681484e+01	3.794008583920495e+02
1.869410331434622e+01	2.259465938428200e+03	7.473492851507689e+00	2.335595229297790e-03	-7.773193234247654e-01	3.682873820447076e+04	4.456069029715307e+04	6.302457405385435e+04	3.128350892766126e+00	-2.020766138003527e+03	2.705189536265940e+01	3.810940711677544e+02
1.899480181534383e+01	2.263970132786255e+03	7.496414626879551e+00	2.336934965040123e-03	-7.757675070088590e-01	3.683752462773520e+04	4.516409313565790e+04	6.362352688333085e+04	3.156363236494530e+00	-1.980370347166248e+03	2.706697616940242e+01	3.827049557420027e+02
1.929550031634145e+01	2.268248282564947e+03	7.518668917214141e+00	2.338502403130917e-03	-7.742990089082624e-01	3.684568103162794e+04	4.576484099798846e+04	6.422004441994303e+04	3.192833302586862e+00	-1.941143764182115e+03	2.708151700439992e+01	3.842349975068507e+02
1.959619881733907e+01	2.272304541069003e+03	7.540228343989889e+00	2.340292447655322e-03	-7.729115075461935e-01	3.685323541191369e+04	4.636132072457184e+04	6.481250583359814e+04	3.236387674321412e+00	-1.903134456302734e+03	2.709410298487865e+01	3.856856818543548e+02
1.989689731833668e+01	2.276143061603153e+03	7.561066809019546e+00	2.342300157988575e-03	-7.716027561547498e-01	3.686022157530355e+04	4.695189450072462e+04	6.539927247244441e+04	3.287303154646473e+00	-1.866388137441720e+03	2.710545459464485e+01	3.870584941765712e+02
2.019759581933430e+01	2.279767997472123e+03	7.581159470781433e+00	2.344520738638889e-03	-7.703705784872422e-01	3.686666936353546e+04	4.753490249160277e+04	6.597868112853498e+04	3.346170029103193e+00	-1.830948447990946e+03	2.711557458013577e+01	3.883549198655561e+02
2.049829432033191e+01	2.283183501980644e+03	7.600482723720822e+00	2.346949529580584e-03	-7.692128647564080e-01	3.687260811454751e+04	4.810866586524423e+04	6.654905021990900e+04	3.412784293891047e+00	-1.796856839018125e+03	2.712479894285557e+01	3.895764443133659e+02
2.079899282132953e+01	2.286393728433443e+03	7.619014180366269e+00	2.349581997043596e-03	-7.681275677834423e-01	3.687806739498951e+04	4.867148975919517e+04	6.710868337798344e+04	3.487484103712775e+00	-1.764152781496318e+03	2.713393699669135e+01	3.907245529120567e+02
2.109969132232714e+01	2.289399350025758e+03	7.636712191111509e+00	2.352417300625592e-03	-7.671138654297842e-01	3.688305764771439e+04	4.922101710882435e+04	6.765524049400089e+04	3.570074062466976e+00	-1.732908983637851e+03	2.714297007077690e+01	3.917994864238463e+02
2.140038982332476e+01	2.292203973093607e+03	7.653552720243668e+00	2.355451695826056e-03	-7.661699991882768e-01	3.688760241349317e+04	4.975537107733747e+04	6.818684578123002e+04	3.660687909667345e+00	-1.703167959138140e+03	2.715219089074199e+01	3.928025346223544e+02
2.170108832432238e+01	2.381817425793706e+03	8.182076927756997e+00	2.270231393836612e-03	-7.175105424684478e-01	3.705096889463878e+04	6.692962579567738e+04	8.521609915899819e+04	7.817116676786043e-01	-1.363635878945693e+02	2.703610276728974e+01	3.938993269085083e+02
2.200178682531999e+01	2.471240669445393e+03	8.682150959657234e+00	2.191283240871861e-03	-6.724315914890656e-01	3.720349971943280e+04	8.353522106263910e+04	1.016873032475163e+05	-1.948646205736522e+00	1.347437364721457e+03	2.693631931833179e+01	3.949280926403858e+02
2.230248532631761e+01	2.560479732404438e+03	9.156853360417205e+00	2.117682204062888e-03	-6.305464668285732e-01	3.734635916588904e+04	9.964883915101492e+04	1.176760408198379e+05	-4.561177897710708e+00	2.757234863728345e+03	2.685573138948775e+01	3.958909878051728e+02
2.260318382731522e+01	2.562567305553183e+03	9.167807296483984e+00	2.119271364323081e-03	-6.300393744215781e-01	3.734900163344684e+04	1.000281114708751e+05	1.180537569869505e+05	-4.509557242164147e+00	2.774693128269494e+03	2.686706553608996e+01	3.966400625786981e+02
2.290388232831284e+01	2.564565840616514e+03	9.178511653201555e+00	2.121528314259775e-03	-6.295555964952697e-01	3.735150734044658e+04	1.004068513930116e+05	1.184311765750176e+05	-4.431268292495818e+00	2.791721766866845e+03	2.687707132222983e+01	3.974938023175020e+02
2.320458082931045e+01	2.566952935250334e+03	9.191554959919060e+00	2.122947511430430e-03	-6.290088741305097e-01	3.735720585025640e+04	1.008780205733318e+05	1.189041516155882e+05	-4.381512589892303e+00	2.811387493999827e+03	2.688549957771680e+01	3.988067091902711e+02
2.350527933030807e+01	2.569825577617471e+03	9.207555349757204e+00	2.124184277159217e-03	-6.283991966416009e-01	3.737287841923063e+04	1.014680399330829e+05	1.195057067156804e+05	-4.338327782537368e+00	2.833788165692720e+03	2.689385837729755e+01	4.006219967179910e+02
2.380597783130569e+01	2.572890299233137e+03	9.224944393101632e+00	2.125156844695370e-03	-6.278148667004304e-01	3.739296407852433e+04	1.021225999754146e+05	1.201760616109924e+05	-4.304318208195239e+00	2.855709070799443e+03	2.690170756342906e+01	4.026485969579622e+02
2.410667633230330e+01	2.576007614633182e+03	9.242953288684813e+00	2.126095413497986e-03	-6.273023845754783e-01	3.741473965515196e+04	1.028144580675054e+05	1.208851840416734e+05	-4.270946634049537e+00	2.875331101851389e+03	2.690939853771910e+01	4.047484220946966e+02
2.440737483330092e+01	2.579089607980270e+03	9.261074662276616e+00	2.127069550285161e-03	-6.268920026006721e-01	3.743683370371322e+04	1.035248394760511e+05	1.216127873433455e+05	-4.235348584528444e+00	2.891361734370812e+03	2.691697443105173e+01	4.068367738802407e+02
2.470807333429853e+01	2.582065737862517e+03	9.278879117703418e+00	2.128273997372529e-03	-6.266065569938122e-01	3.745839739647631e+04	1.042369172556282e+05	1.223410156804199e+05	-4.189806785006886e+00	2.902733336342522e+03	2.692496861277956e+01	4.088474996559971e+02
2.500877183529615e+01	2.584890348560744e+03	9.296067786180911e+00	2.129228734169872e-03	-6.264591446932579e-01	3.747888081798507e+04	1.049381855083033e+05	1.230565940188136e+05	-4.153344548358199e+00	2.908720295073685e+03	2.693257746679865e+01	4.107397705213196e+02
2.530947033629376e+01	2.587492614738296e+03	9.312172618946930e+00	2.129701806111578e-03	-6.264637583266426e-01	3.749774056543758e+04	1.056084282855013e+05	1.237385601616227e+05	-4.135002994153504e+00	2.908529200952047e+03	2.694177578356653e+01	4.124626252550204e+02
2.561016883729138e+01	2.589834018837375e+03	9.326907229302208e+00	2.130669659394102e-03	-6.266272135176072e-01	3.751465888098695e+04	1.062339992457834e+05	1.243727406102448e+05	-4.094897374329906e+00	2.901636045889469e+03	2.695156827034593e+01	4.139809993393364e+02
2.591086733828900e+01	2.591870071299842e+03	9.339934816290944e+00	2.131582666576952e-03	-6.269515099945782e-01	3.752939289310619e+04	1.067984033671968e+05	1.249422092203723e+05	-4.056323403635109e+00	2.887707464266207e+03	2.696158871983652e+01	4.152642450745566e+02
2.621156583928661e+01	2.593535548973491e+03	9.350769186692364e+00	2.134567225928267e-03	-6.274338114116512e-01	3.754169222942046e+04	1.072777984910727e+05	1.254227301820083e+05	-3.926087453327148e+00	2.866616903773566e+03	2.697122595409537e+01	4.162738835198991e+02
2.651226434028423e+01	2.594788517610192e+03	9.359056110671105e+00	2.136418788446925e-03	-6.280749658614420e-01	3.755126470783364e+04	1.076530274842269e+05	1.257948054054744e+05	-3.843505633670233e+00	2.838079791948491e+03	2.697758120990888e+01	4.169799955887154e+02
2.681296284128184e+01	2.595623257051630e+03	9.364669199672234e+00	2.136972960861781e-03	-6.288567770960808e-01	3.755861627126041e+04	1.079144128057897e+05	1.260492276805461e+05	-3.818310144515987e+00	2.802672202481639e+03	2.698273244033182e+01	4.173803434388603e+02
2.711366134227946e+01	2.596244017843885e+03	9.368912975815167e+00	2.136466404452677e-03	-6.296211934479257e-01	3.756576529410081e+04	1.081170781791047e+05	1.262447536774658e+05	-3.841487388699600e+00	2.767455745279659e+03	2.698686616428732e+01	4.176529084161827e+02
2.741435984327708e+01	2.596737902605835e+03	9.372345117049552e+00	2.136060060708659e-03	-6.302855213544765e-01	3.757226675199035e+04	1.082843827550758e+05	1.264055634323774e+05	-3.860429642587190e+00	2.736331732232794e+03	2.699038879050106e+01	4.178698289897729e+02
2.771505834427469e+01	2.597109097576775e+03	9.374966771607571e+00	2.135754761731077e-03	-6.308220155885320e-01	3.757775389632468e+04	1.084147475015462e+05	1.265304450180285e+05	-3.874890158389809e+00	2.710777873728750e+03	2.699326795674591e+01	4.180328626207197e+02
2.801575684527231e+01	2.597368249422714e+03	9.376826652338163e+00	2.135541667269366e-03	-6.312208409530574e-01	3.758201474651814e+04	1.085090530470424e+05	1.266204917936559e+05	-3.885142051410958e+00	2.691469871421722e+03	2.699544042457902e+01	4.181466854624007e+02
2.831645534626992e+01	2.597531119938719e+03	9.378014205809475e+00	2.135407764437315e-03	-6.314860500151528e-01	3.758497411982293e+04	1.085704345816119e+05	1.266789148561445e+05	-3.891699046101359e+00	2.678423384946593e+03	2.699687720400678e+01	4.182182202990157e+02
2.861715384726754e+01	2.597617281676532e+03	9.378652358980547e+00	2.135336933970787e-03	-6.316337973710855e-01	3.758669595450525e+04	1.086040491296903e+05	1.267108078588873e+05	-3.895226990692447e+00	2.671039815142226e+03	2.699767136279211e+01	4.182560636483714e+02
2.891785234826515e+01	2.597649441898079e+03	9.378894264216248e+00	2.135310497413272e-03	-6.316916552140028e-01	3.758740000812369e+04	1.086170317577345e+05	1.267230864724634e+05	-3.896564039984258e+00	2.668103211809338e+03	2.699798986780885e+01	4.182701888335203e+02
2.921855084926277e+01	2.597653153196778e+03	9.378922609375254e+00	2.135307446669157e-03	-6.316986384256726e-01	3.758748869713090e+04	1.086185813258233e+05	1.267245473522396e+05	-3.896720937919874e+00	2.667743321283000e+03	2.699802864164457e+01	4.182718188838974e+02
