WARNING: 2 open meshes merged
     Merged: Main Wing
     Merged: Horz Tail
...Mass Properties...
21 Num Comps
21 Total Num Meshes
16312 Total Num Tris

3.525270143430325e+05             Total Mass
1.071134949357679e+02 1.300664493562413e-07 -3.882635284774068e+00       Center of Gravity
2.837036318186080e+08 4.596758273305705e+08 7.165024471132437e+08       Ixx, Iyy, Izz
-5.871781921405172e+03 3.698024200793964e+07 5.755585265506628e+03       Ixy, Ixz, Iyz
8.839850441076839e+04             Volume

Name	Mass	cgX	cgY	cgZ	Ixx	Iyy	Izz	Ixy	Ixz	Iyz	Volume
Main Fuse	4.447472544036155e+04	1.005772505269636e+02	-2.978912782187041e-08	1.004662394387449e-01	3.002621563390302e+06	1.643613104336336e+08	1.637672127523860e+08	-8.732394363279832e+02	1.984788991306241e+06	8.158607776534282e+02	4.909993976658270e+04
Main Wing	7.838255098501378e+04	1.035249998700813e+02	-9.963343063894612e-09	-4.959193638684301e+00	1.257364607693318e+08	2.144639292250069e+07	1.467216508836712e+08	-1.287977555113576e+03	1.165870025467946e+06	1.347323679160421e+03	9.598999594014043e+03
Horz Tail	7.237979194434544e+03	2.114351921884957e+02	8.398332900237229e-15	5.966685508268103e+00	2.748415589294348e+06	2.992875094152508e+05	3.041968834732239e+06	-1.257668564908381e+02	-7.027751425268535e+03	1.236233862696693e+02	1.712847384915231e+03
Vert Tail	9.168587221445547e+03	2.052610953287600e+02	-3.505140082343112e-09	2.182018873333311e+01	6.400817370749537e+05	1.560486567309441e+06	9.418099709602364e+05	-1.325210107746245e+02	5.332773593111150e+05	1.635446525888476e+02	2.209404602981352e+03
Main Gear Placeholder	2.257500247283287e+04	1.112433626379930e+02	1.321939828703785e-17	-8.000000000000085e+00	1.118813430372354e+05	6.241707674158073e+04	1.397492679970956e+05	-3.146652070006273e+02	-5.263283459492905e+01	3.021521386411137e+02	9.836255222727807e+01
Nose Gear Placeholder	7.525005742405592e+03	2.751809496834543e+01	-4.367119794170300e-17	-7.999999999999813e+00	3.734637735024079e+04	2.855998629767181e+04	5.435885026767071e+04	-1.388966863747371e+02	-2.194366662269877e+01	1.146723608823454e+02	1.229531902840986e+02
all other CG placeholder	1.189999993100829e+05	1.053884488149404e+02	1.827706997286831e-16	-4.999999999999963e+00	5.902258126198429e+05	3.291560511086667e+05	7.369906458216666e+05	-1.957549870347718e+03	-3.270019036853308e+02	1.747415769159290e+03	9.836255222727840e+01
Inboard Main Wing Fuel Cells	1.255432613430143e+03	9.507817317896144e+01	2.526326743006263e+01	-4.857348258163346e+00	1.370354190030570e+05	1.028692768297400e+05	2.389407536641043e+05	9.798762590527082e+04	1.707140649742826e+03	2.395094230758766e+03	1.255432613430143e+03
Inboard Main Wing Fuel Cells	1.255432613430164e+03	9.507817317895997e+01	-2.526326743006296e+01	-4.857348258163356e+00	1.370334520503481e+05	1.028692546567066e+05	2.389388088844300e+05	-9.803121455327254e+04	1.707241657842843e+03	-2.352547973870815e+03	1.255432613430164e+03
Outboard Main Wing Fuel Tank	2.970636428480760e+02	1.173681374273437e+02	5.764551782403414e+01	-3.434663388927725e+00	1.472579252346540e+04	9.762392465534062e+03	2.440979912079192e+04	9.820595960768485e+03	1.707797676782613e+02	2.597639993681082e+02	2.970636428480760e+02
Outboard Main Wing Fuel Tank	2.970636428480735e+02	1.173681374273450e+02	-5.764551782403514e+01	-3.434663388927751e+00	1.472504205931574e+04	9.762398853997574e+03	2.440904226817868e+04	-9.828399771632940e+03	1.708307938043276e+02	-2.507818616981461e+02	2.970636428480735e+02
Crew Area Box	8.993147632206715e+02	2.576162082143705e+01	6.996617306663190e-15	4.782608695653026e+00	1.572139583893822e+04	1.154498620975979e+04	1.763819859978314e+04	-1.890380682029054e+01	-2.632796940962058e+00	1.897609262673273e+01	8.993147632206715e+02
Passenger Box	1.575557309774699e+04	1.048029574332004e+02	8.171715834467802e-15	2.282608695664242e+00	3.303753374370302e+05	2.391880868826791e+07	2.403589858567712e+07	-3.294752431033518e+02	-5.361525213013714e+01	2.734002648942907e+02	1.575557309774699e+04
Inside Engine Pair	8.999996567905289e+03	8.642817212994120e+01	-3.899999992519785e+01	-1.099999980093724e+01	9.196978762839263e+04	5.467249595255326e+05	5.476100459506843e+05	-1.546110083625471e+02	-2.548675262431686e+01	1.707018160727989e+02	1.399209689982521e+03
Inside Engine Pair	8.999995905999027e+03	8.642817170504090e+01	3.900000001070411e+01	-1.100000001907365e+01	9.196725924849338e+04	5.467240613288265e+05	5.476083704300539e+05	-1.590455775054642e+02	-2.651363087130577e+01	1.660064318622545e+02	1.399209587077433e+03
Outside Engine Pair	9.000017396075629e+03	1.129564516182024e+02	-6.799999999998425e+01	-9.163299999997735e+00	9.086129534829297e+04	5.243242658839026e+05	5.251917525509575e+05	-1.461611890000775e+02	-2.487141087795147e+01	1.669848587369722e+02	1.326731734783014e+03
Outside Engine Pair	9.000017396075507e+03	1.129564516182042e+02	6.799999999998430e+01	-9.163299999997923e+00	9.085748380303472e+04	5.243227273974819e+05	5.251894794921178e+05	-1.486347331872257e+02	-2.484508060826067e+01	1.617101106466368e+02	1.326731734782990e+03
Inside Engine Pylons	2.191138605189134e+03	9.796222659574728e+01	3.900865607594312e+01	-7.377073696040532e+00	2.578278443214631e+03	5.289736350948415e+04	5.181398266633505e+04	-3.747293846018994e+01	-3.893050924895397e+03	6.374522588775395e+01	7.318847780899928e+01
Inside Engine Pylons	2.191136676136189e+03	9.796223125837736e+01	-3.900865708686669e+01	-7.377073054620812e+00	2.592719446960434e+03	5.289690865074583e+04	5.182874769100408e+04	1.589049201040651e+01	-3.892947635079637e+03	1.095768950593343e+01	7.318841337471373e+01
Outside Engine Pylon	2.010490527493135e+03	1.242688638028247e+02	6.800184253439819e+01	-5.644114078987381e+00	1.807121480854423e+03	3.917233071458770e+04	3.834306042021303e+04	-1.152958284586125e+01	-1.024613461970606e+03	3.371518641893671e+01	4.974737782682062e+01
Outside Engine Pylon	2.010490527493125e+03	1.242688638028251e+02	-6.800184253439848e+01	-5.644114078987406e+00	1.786703267741149e+03	3.917067639489940e+04	3.832429652678814e+04	8.604101450076113e-01	-1.020483336124183e+03	2.348004461650000e+01	4.974737782682051e+01
Name	Mass	cgX	cgY	cgZ	Ixx	Iyy	Izz	Ixy	Ixz	Iyz	Volume
Totals	3.525270143430325e+05	1.071134949357679e+02	1.300664493562413e-07	-3.882635284774068e+00	2.837036318186080e+08	4.596758273305705e+08	7.165024471132437e+08	-5.871781921405172e+03	3.698024200793964e+07	5.755585265506628e+03	8.839850441076839e+04

...Filling Mass Properties (Volume Only -- No Shell or Point Mass)...
200 Num Slice

Slice	Mass	cgX	cgY	cgZ	Ixx	Iyy	Izz	Ixy	Ixz	Iyz	Volume
5.854913823052277e-01	1.909173671273712e+00	5.854913823052280e-01	-1.535377086789025e-16	-2.811059483248984e-17	6.997381814210284e-01	8.574676110013298e-01	9.330456330880101e-01	7.654768405222882e-04	-9.151550530744861e-04	2.203191108465643e-02	2.107720988379016e+00
1.756474146915683e+00	1.994707419921414e+01	1.644397085318465e+00	-6.129149136976983e-16	-1.618062586541768e-16	5.211736683711283e+01	3.525523517534756e+01	3.299316455370041e+01	-3.106267949407277e-01	-5.309630288876440e-02	3.744875143563169e-01	2.202149944713419e+01
2.927456911526138e+00	6.340540031367770e+01	2.523811647419583e+00	4.958238131560890e-17	-1.313397348718810e-16	3.430049543125354e+02	2.287857215855350e+02	2.001936904917851e+02	-1.145842548124257e+00	-1.837824132482774e-01	1.145850536360450e+00	6.999933794841880e+01
4.098439676136594e+00	1.289242716284216e+02	3.324032194559380e+00	1.637823947363404e-16	-7.824380394481566e-17	1.000873760900178e+03	6.909573710653850e+02	5.931118917069903e+02	-2.480582926060815e+00	-3.911329164611425e-01	2.417713016517592e+00	1.423319404155683e+02
5.269422440747049e+00	2.134845721581340e+02	4.094592718920589e+00	3.131635948145663e-15	-1.056109545039495e-16	2.092970678095392e+03	1.513290227790172e+03	1.297713612536543e+03	-4.168309224867864e+00	-6.625128910890657e-01	3.976378307896275e+00	2.356862134666989e+02
6.440405205357504e+00	3.184363688652951e+02	4.867736930013535e+00	4.493893002989067e-15	-2.319059442101251e-16	3.773868364244519e+03	2.869982399680170e+03	2.456254776937175e+03	-6.394081158057562e+00	-1.008872948325005e+00	6.009436350668566e+00	3.515526262588882e+02
7.611387969967960e+00	4.439402697467241e+02	5.643379356793482e+00	3.072910571521891e-15	1.229984345471171e-02	6.178527739498562e+03	4.946102596810536e+03	4.211822424570705e+03	-9.021067446884260e+00	9.316291856186485e+00	8.375598889452897e+00	4.901084894532293e+02
8.782370734578414e+00	5.873341656048153e+02	6.409744109748233e+00	2.552382129818837e-15	5.388036765713775e-02	9.330526635645052e+03	7.882793895978623e+03	6.644952164685229e+03	-1.202779096888915e+01	6.678533267239203e+01	1.118037734833519e+01	6.484148439002283e+02
9.953353499188871e+00	7.505670046203174e+02	7.180406045910715e+00	1.632642824213472e-15	1.173987950600623e-01	1.343391083927502e+04	1.196057849809253e+04	9.971743134723092e+03	-1.556775286114302e+01	1.984226611192142e+02	1.427659707371333e+01	8.286233215062070e+02
1.112433626379933e+01	9.355059857893724e+02	7.960076563660322e+00	1.032948349631830e-14	2.006704950821165e-01	1.872964099358347e+04	1.750913070091085e+04	1.444051915213333e+04	-1.951406294588379e+01	4.442965780472930e+02	1.777525391086641e+01	1.032795303366487e+03
1.229531902840978e+01	1.143713285275662e+03	8.749285832997529e+00	1.070562673461459e-14	2.972335329204184e-01	2.547727636753092e+04	2.489237584640675e+04	2.032537089544257e+04	-2.403950480824563e+01	8.352194660743846e+02	2.182047234328445e+01	1.262655426446938e+03
1.346630179302024e+01	1.375268151900232e+03	9.543493129937916e+00	5.658433755238253e-15	3.946357067801957e-01	3.384960879031389e+04	3.441600324977816e+04	2.787573083486989e+04	-2.916699052557424e+01	1.359892353075439e+03	2.623268597551825e+01	1.518291181166027e+03
1.463728455763069e+01	1.632006442589972e+03	1.034482042261725e+01	-1.989005122289435e-15	4.914703654887374e-01	4.416345681059957e+04	4.652348900485165e+04	3.745589915223420e+04	-3.474838148759991e+01	2.037357446058779e+03	3.113384726481166e+01	1.801729347085337e+03
1.580826732224115e+01	1.916758405858643e+03	1.115646534673853e+01	-4.801490324722382e-15	5.805363093506618e-01	5.680682282117702e+04	6.165743000040426e+04	4.960188254286860e+04	-4.105283071196458e+01	2.830510870470466e+03	3.660460165756248e+01	2.116094508565404e+03
1.697925008685160e+01	2.230747375528793e+03	1.197605173344263e+01	6.202995567744405e-15	6.637625797188008e-01	7.213526363523515e+04	8.030995767971144e+04	6.475178497323061e+04	-4.800974767974406e+01	3.758289031302680e+03	4.254959441598386e+01	2.462737221824541e+03
1.815023285146206e+01	2.575087806812026e+03	1.280166248868580e+01	2.903897188667273e-14	7.421537984220969e-01	9.052731666091361e+04	1.030154144038174e+05	8.337745167941198e+04	-5.564403145349718e+01	4.836765339705876e+03	4.924464573546039e+01	2.842887841479223e+03
1.932121561607251e+01	2.947827620178131e+03	1.362603125411130e+01	4.556040311623994e-14	8.063683549388423e-01	1.120526371199532e+05	1.301315178061205e+05	1.056793285611903e+05	-6.397985315324779e+01	5.913519186176391e+03	5.641283317894734e+01	3.254391278624389e+03
2.049219838068297e+01	3.345939933499559e+03	1.444299322376408e+01	5.179701088485613e-14	8.498082170026630e-01	1.366248362901972e+05	1.619421521355131e+05	1.317394216350116e+05	-7.288272575910996e+01	6.791349524111729e+03	6.400710899927269e+01	3.693905866084554e+03
2.166318114529343e+01	3.777243426523986e+03	1.526742837903691e+01	5.455044880959820e-14	8.786551735263388e-01	1.645151322114929e+05	1.994625568616443e+05	1.621896595179646e+05	-8.199846888370146e+01	7.486889725903169e+03	7.264284852701122e+01	4.158372703893666e+03
2.283416390990388e+01	4.214221921981258e+03	1.605203364402206e+01	5.611111089593547e-14	9.007412992436070e-01	1.930897847577668e+05	2.398150801068719e+05	1.955116863641187e+05	-9.123205836214203e+01	8.116754019202084e+03	8.139801893810085e+01	4.629104724340057e+03
2.400514667451434e+01	4.655298853753735e+03	1.680556951867426e+01	5.644739249426155e-14	9.187490435352933e-01	2.221372847684701e+05	2.831601279938995e+05	2.319774335256268e+05	-1.006507498479916e+02	8.718906608299805e+03	9.022916613899164e+01	5.104361403999525e+03
2.517612943912479e+01	6.582639628991090e+03	1.925639811563999e+01	3.808815152428850e-14	-1.078609816892907e+00	3.506387169844527e+05	4.901373948411183e+05	3.456078742833154e+05	-1.370780128273103e+02	-6.911862553871868e+04	1.214343907745858e+02	5.583522803172812e+03
2.634711220373525e+01	8.513052778812258e+03	2.086428286308919e+01	2.677060406738274e-14	-2.170100310654422e+00	4.508076145844568e+05	6.480949586863781e+05	4.390201385830108e+05	-1.736230194729423e+02	-1.200702711811348e+05	1.527400020910684e+02	6.066076093032579e+03
2.751809496834570e+01	1.044633475603084e+04	2.209569036852701e+01	1.918802083417976e-14	-2.857020106828393e+00	5.385781996050209e+05	7.881300121519016e+05	5.273645372114778e+05	-2.103630543177168e+02	-1.589860281883290e+05	1.841436486836192e+02	6.551796558204130e+03
2.868907773295616e+01	1.238228201346044e+04	2.312655448319191e+01	1.382281768491383e-14	-3.328460223010651e+00	6.199398213386701e+05	9.227876676503092e+05	6.171796770114483e+05	-2.471018127261944e+02	-1.914631016186932e+05	2.156366018641003e+02	7.040459483312767e+03
2.986006049756661e+01	1.431885799604884e+04	2.403723786518033e+01	9.942464569069328e-15	-3.672209694360473e+00	6.973744465109555e+05	1.058393346302188e+06	7.119736401468053e+05	-2.840489617259972e+02	-2.201295664203944e+05	2.471482171591112e+02	7.529816518775564e+03
3.103104326217707e+01	1.476211759877104e+04	2.424723967427375e+01	8.604963841550276e-15	-3.531918392326078e+00	7.369838488991193e+05	1.107197576973461e+06	7.450926119638054e+05	-2.940435550578273e+02	-2.060819057324558e+05	2.556645035073786e+02	8.019173554238350e+03
3.220202602678752e+01	1.520537720149324e+04	2.447913365438560e+01	7.372420931424606e-15	-3.399806494982681e+00	7.760458075060195e+05	1.161655543616115e+06	7.844122374150608e+05	-3.039985059199578e+02	-1.905696507451806e+05	2.641982446955171e+02	8.508530589701137e+03
3.337300879139798e+01	1.564863680421544e+04	2.473105946806621e+01	6.181551712966048e-15	-3.275178938654283e+00	8.146071188208767e+05	1.222450709961166e+06	8.305698683809367e+05	-3.139909214972173e+02	-1.737172532807879e+05	2.727080117279759e+02	8.997887625163923e+03
3.454399155600844e+01	1.609189640693765e+04	2.500136175369166e+01	5.060619510369386e-15	-3.157417243217527e+00	8.527092125881155e+05	1.290224781293398e+06	8.841658428059043e+05	-3.239844493320321e+02	-1.556354609878784e+05	2.812261457408751e+02	9.487244660626709e+03
3.571497432061889e+01	1.653515600965985e+04	2.528856265142509e+01	4.014915910603904e-15	-3.045969247186411e+00	8.903889782971714e+05	1.365583214390630e+06	9.457686402113058e+05	-3.339724845886305e+02	-1.364231388519770e+05	2.897428394041614e+02	9.976601696089496e+03
3.688595708522934e+01	1.697841561238205e+04	2.559133863280673e+01	3.024022433250232e-15	-2.940340450728772e+00	9.276794594264452e+05	1.449099982018454e+06	1.015919109196967e+06	-3.439664156931818e+02	-1.161688349410739e+05	2.982583428815713e+02	1.046595873155228e+04
3.805693984983980e+01	1.743458108454613e+04	2.591749369425631e+01	3.020107525621993e-15	-2.836294628260899e+00	9.652169690029625e+05	1.543653998013941e+06	1.097222156984027e+06	-3.533943163507020e+02	-9.414944613174270e+04	3.065035038539431e+02	1.095531576701508e+04
3.922792261445026e+01	1.789074655671020e+04	2.625687350011527e+01	3.083908872221905e-15	-2.737554577867134e+00	1.002396235612024e+06	1.647577381156005e+06	1.188252807983055e+06	-3.628449354378691e+02	-7.123716940480207e+04	3.147257996191452e+02	1.144467280247787e+04
4.039890537906071e+01	1.834691202887428e+04	2.660849161651924e+01	3.080609220227244e-15	-2.643724541936672e+00	1.039244179419889e+06	1.761375603320742e+06	1.289490012130165e+06	-3.723011616601745e+02	-4.749860434317203e+04	3.229600712755323e+02	1.193402983794066e+04
4.156988814367116e+01	1.880307750103836e+04	2.697145733373590e+01	3.083932116305291e-15	-2.554447167414008e+00	1.075784806633100e+06	1.885535446625304e+06	1.401396276977323e+06	-3.817552009371810e+02	-2.299388593252212e+04	3.311971662670167e+02	1.242338687340346e+04
4.274087090828162e+01	1.925924297320244e+04	2.734496432977898e+01	3.078197023127910e-15	-2.469398957636745e+00	1.112039899040889e+06	2.020527186147862e+06	1.524419990039820e+06	-3.912065023451889e+02	2.222536365039097e+03	3.394413608478162e+02	1.291274390886625e+04
4.391185367289208e+01	1.971540844536651e+04	2.772828090779642e+01	3.111447764651167e-15	-2.388286355572329e+00	1.148029308118091e+06	2.166806526028167e+06	1.658997062632053e+06	-4.006486786186291e+02	2.810126658829765e+04	3.476859055296719e+02	1.340210094432905e+04
4.508283643750253e+01	2.017157391753059e+04	2.812074155810445e+01	3.125846334334481e-15	-2.310842358503284e+00	1.183771043781712e+06	2.324816237895383e+06	1.805552220190314e+06	-4.101061413585875e+02	5.459738166102221e+04	3.559376794008525e+02	1.389145797979184e+04
4.625381920211299e+01	2.062773938969467e+04	2.852173963981377e+01	3.148417706116386e-15	-2.236823581893144e+00	1.219281245773219e+06	2.494987608337474e+06	1.964499989354233e+06	-4.195206382539201e+02	8.166989613421963e+04	3.641888442272516e+02	1.438081501525464e+04
4.742480196672344e+01	2.108390486185874e+04	2.893072101248648e+01	3.179785590387463e-15	-2.166007704404642e+00	1.254575275916655e+06	2.677741624274570e+06	2.136246748266430e+06	-4.289465058504047e+02	1.092814105684793e+05	3.724423166558062e+02	1.487017205071743e+04
4.859578473133390e+01	2.154007033402282e+04	2.934717847698599e+01	3.187258091860461e-15	-2.098191237567110e+00	1.289666892513744e+06	2.873490136696227e+06	2.321190608290473e+06	-4.383721018270105e+02	1.373976868579021e+05	3.807041524966896e+02	1.535952908618023e+04
4.976676749594436e+01	2.199623580618690e+04	2.977064690805331e+01	3.202221310180754e-15	-2.033187572964290e+00	1.324568628438493e+06	3.082636763990328e+06	2.519722527021802e+06	-4.477904494481571e+02	1.659873152730882e+05	3.889719207744967e+02	1.584888612164302e+04
5.093775026055481e+01	2.245240127835098e+04	3.020069898023196e+01	3.220927924052582e-15	-1.970825267473871e+00	1.359292074154465e+06	3.305577739940418e+06	2.732227181847465e+06	-4.572040851389087e+02	1.950214457022495e+05	3.972415130229413e+02	1.633824315710582e+04
5.210873302516526e+01	2.290856675051505e+04	3.063694140443655e+01	3.224544434656377e-15	-1.910946533377428e+00	1.393847868279543e+06	3.542702653409871e+06	2.959083487496224e+06	-4.666241655332804e+02	2.244735298773806e+05	4.055297461579972e+02	1.682760019256861e+04
5.327971578977572e+01	2.336473222267913e+04	3.107901160537688e+01	3.247410545077836e-15	-1.853405905341981e+00	1.428245487524033e+06	3.794395107674842e+06	3.200664844934650e+06	-4.760615741253226e+02	2.543191207662066e+05	4.137607907766181e+02	1.731695722803141e+04
5.445069855438617e+01	2.382089769484321e+04	3.152657478074269e+01	3.277156314414048e-15	-1.798069060563794e+00	1.462494461582499e+06	4.061033230284467e+06	3.457340836197776e+06	-4.855203017337723e+02	2.845355776517546e+05	4.219845427956768e+02	1.780631426349420e+04
5.562168131899663e+01	2.427706316700728e+04	3.197932129193540e+01	3.261606462732426e-15	-1.744811771929006e+00	1.496603076503893e+06	4.342990279145018e+06	3.729476199885619e+06	-4.949836443457447e+02	3.151019946965582e+05	4.302250988896242e+02	1.829567129895700e+04
5.679266408360709e+01	2.473322863917136e+04	3.243696434354291e+01	3.268721782695654e-15	-1.693518977018081e+00	1.530579132111311e+06	4.640635025077358e+06	4.017431987052345e+06	-5.044345163910044e+02	3.459990054053217e+05	4.384649875108518e+02	1.878502833441979e+04
5.796364684821754e+01	2.518939411133544e+04	3.289923791495414e+01	3.256803435832581e-15	-1.644083948269037e+00	1.564429758479208e+06	4.954332192841794e+06	4.321565632821331e+06	-5.138822135814360e+02	3.772086498076823e+05	4.467075591192555e+02	1.927438536988259e+04
5.913462961282800e+01	2.564555958349951e+04	3.336589491272042e+01	3.276998123118464e-15	-1.596407551704042e+00	1.598161703418537e+06	5.284442805681693e+06	4.642231521192280e+06	-5.233399584837507e+02	4.087142584784615e+05	4.549513351353821e+02	1.976374240534538e+04
6.030561237743845e+01	2.610050542201217e+04	3.383546866821350e+01	3.280253401533712e-15	-1.550880397036144e+00	1.631549344920603e+06	5.630285671136817e+06	4.978878333591612e+06	-5.326527997186229e+02	4.401667315642824e+05	4.631971284992807e+02	2.025175296956571e+04
6.147659514204891e+01	2.655416309479282e+04	3.430769628331088e+01	3.207938451885174e-15	-1.507393389258352e+00	1.664592710939422e+06	5.992101142279341e+06	5.331740161568124e+06	-5.418521513860132e+02	4.715388268184469e+05	4.713796385202807e+02	2.073834140336873e+04
6.264757790665936e+01	2.700644567766340e+04	3.478231019629455e+01	3.288663918462501e-15	-1.465852608437277e+00	1.697288154850716e+06	6.370103155844701e+06	5.701025649661128e+06	-5.508901405387470e+02	5.027985054366499e+05	4.796002068322996e+02	2.122341174276893e+04
6.381856067126981e+01	2.745548643731336e+04	3.525720471329539e+01	3.421558312980435e-15	-1.426868459176753e+00	1.729298846372992e+06	6.762774513550057e+06	6.085413728282996e+06	-5.598187301113761e+02	5.333670678937454e+05	4.877204979016072e+02	2.170490312078624e+04
6.498954343588026e+01	2.790113857946629e+04	3.573210577889900e+01	3.782233383390816e-15	-1.390302239294793e+00	1.760624704437452e+06	7.170165673650380e+06	6.484941550282324e+06	-5.686145207597344e+02	5.632152102447714e+05	4.957488025511464e+02	2.218265347705810e+04
6.616052620049072e+01	2.834321447527096e+04	3.620670513062522e+01	4.133408451326353e-15	-1.356044587706184e+00	1.791257932553157e+06	7.592264833482035e+06	6.899586096755745e+06	-5.772632763770521e+02	5.922980799268479e+05	5.037334600585476e+02	2.265645566999560e+04
6.733150896510118e+01	2.878346653510679e+04	3.668276867159591e+01	-2.582645086387604e-08	-1.324853513362876e+00	1.821305418027450e+06	8.030801491968599e+06	7.331293058334915e+06	-5.858550423447947e+02	6.198126899712979e+05	5.115756735289372e+02	2.312556434303521e+04
6.850249172971164e+01	2.926633684641607e+04	3.720776773996177e+01	-2.540034058344620e-08	-1.304356579947887e+00	1.855623108886753e+06	8.530798172979955e+06	7.827564272170993e+06	-5.946405330102099e+02	6.385840419140698e+05	5.201997078465574e+02	2.359522318190790e+04
6.967347449432209e+01	2.981965200188039e+04	3.781018146292948e+01	-2.492903075430147e-08	-1.298587786553128e+00	1.898563332341663e+06	9.123650710098330e+06	8.422737666748103e+06	-6.045198529947345e+02	6.440636415136412e+05	5.301111629701396e+02	2.406864185204925e+04
7.084445725893254e+01	3.046157201395567e+04	3.850631634093774e+01	-5.829490526060366e-08	-1.309585602860098e+00	1.954302809280849e+06	9.831566966643959e+06	9.142411653187430e+06	-6.157078133643780e+02	6.332281477877958e+05	5.419515272288932e+02	2.454784004438465e+04
7.201544002354299e+01	3.120830070675764e+04	3.930809739142077e+01	-5.690006359881310e-08	-1.338311755258861e+00	2.027521562857634e+06	1.067414954559706e+07	1.001029537471456e+07	-6.291522960402820e+02	6.039040122590027e+05	5.556857486975333e+02	2.503457654693783e+04
7.318642278815345e+01	3.207292504606853e+04	4.022139184994119e+01	-5.536614095917376e-08	-1.384798071343705e+00	2.123224430522855e+06	1.166609813472454e+07	1.104576864400785e+07	-6.451514035600502e+02	5.547520984723262e+05	5.713212877992241e+02	2.553023287404879e+04
7.435740555276391e+01	3.306611257213559e+04	4.124671537188040e+01	-5.370314194705110e-08	-1.448098113867370e+00	2.246776839347867e+06	1.281718201510449e+07	1.226393873271364e+07	-6.636705734747220e+02	4.854454841004383e+05	5.894786040697114e+02	2.603619796949504e+04
7.552838831737436e+01	3.416833383464435e+04	4.235259279094831e+01	-5.197076445361795e-08	-1.523765572823965e+00	2.399365815713729e+06	1.410102597117639e+07	1.364047396774764e+07	-6.827663732394293e+02	3.996685599618001e+05	6.095817776512253e+02	2.655372764778317e+04
7.669937108198482e+01	3.648647934404999e+04	4.453479374015807e+01	-4.866883759273415e-08	-1.901920103470589e+00	4.444453288682460e+06	1.679913908454673e+07	1.811071344173082e+07	-7.252078354396654e+02	-4.413000687008991e+04	6.540525423739163e+02	2.726309939091441e+04
7.787035384659528e+01	3.887360352174778e+04	4.658184146143881e+01	-4.535005393064024e-08	-2.243244759390863e+00	6.512078058284037e+06	1.941786677747839e+07	2.254061128932526e+07	-7.689092290126350e+02	-4.592895325405503e+05	6.984351245663945e+02	2.798602580801618e+04
7.904133661120574e+01	4.133920053474530e+04	4.851782554553805e+01	-4.264524029675941e-08	-2.552632510744474e+00	8.609511004806127e+06	2.198243837591916e+07	2.696059868401080e+07	-8.151548622451178e+02	-8.496879450262521e+05	7.432799366598213e+02	2.872307566285519e+04
8.021231937581619e+01	4.390835738445861e+04	5.037232730266980e+01	-4.014999563616044e-08	-2.834823473890319e+00	1.074516058984458e+07	2.452776255374402e+07	3.141202120095411e+07	-8.623137078754438e+02	-1.219429507605073e+06	7.905011222762881e+02	2.947488522850130e+04
8.138330214042664e+01	4.658585595690185e+04	5.215466743901915e+01	-3.784239873357878e-08	-3.092111662584079e+00	1.292552947004662e+07	2.706469758645293e+07	3.591079948339751e+07	-9.114631083753738e+02	-1.569771673840603e+06	8.396536052019492e+02	3.024242261247499e+04
8.255428490503709e+01	4.937090058751425e+04	5.386952964304789e+01	-3.570767873910961e-08	-3.326502947670811e+00	1.515671775412504e+07	2.959835706906138e+07	4.046706843070752e+07	-9.613992083784093e+02	-1.901722965594280e+06	8.912917857697378e+02	3.102573951886235e+04
8.372526766964755e+01	5.226117915027408e+04	5.552068640982350e+01	-3.373287562440775e-08	-3.539878910901751e+00	1.744485429640250e+07	3.213287785734686e+07	4.508996108167699e+07	-1.013167610592252e+03	-2.216248615116589e+06	9.440161303997882e+02	3.182508741055270e+04
8.489625043425801e+01	5.525471139857737e+04	5.711216514518244e+01	-3.434453738699097e-08	-3.733801768136646e+00	1.979611271204184e+07	3.467308362581190e+07	4.978920548112694e+07	-1.067701883852560e+03	-2.513968146750495e+06	9.976515331958408e+02	3.264155371785366e+04
8.606723319886846e+01	5.834628238679499e+04	5.864639568558258e+01	-3.252473262923610e-08	-3.909849472871581e+00	2.221629000674246e+07	3.722130675535820e+07	5.457216890329847e+07	-1.121941749661305e+03	-2.795636486642457e+06	1.053750700740891e+03	3.347460145837321e+04
8.723821596347892e+01	6.152997113784296e+04	6.012579596657372e+01	-3.084182641485574e-08	-4.069485690533807e+00	2.471109394655186e+07	3.977990266100753e+07	5.944614515448196e+07	-1.178767889816374e+03	-3.061955091354645e+06	1.110423277738413e+03	3.432391807857870e+04
8.840919872808938e+01	6.478929708835333e+04	6.154863635429398e+01	-2.929027627995036e-08	-4.213177314788449e+00	2.727193433231563e+07	4.234357477051123e+07	6.439744826964860e+07	-1.235584353027095e+03	-3.312027480924411e+06	1.169510485356757e+03	3.518798648740340e+04
8.958018149269982e+01	6.805412733010261e+04	6.289342233394399e+01	-2.788510263600365e-08	-4.333032572203248e+00	2.980243726185837e+07	4.486468205540270e+07	6.929335948256485e+07	-1.292026878489950e+03	-3.529711233390064e+06	1.225797504543161e+03	3.605032006067856e+04
9.075116425731028e+01	7.126323446395111e+04	6.414790480322296e+01	-2.662938614638475e-08	-4.421461890082212e+00	3.219652108268976e+07	4.730679196854501e+07	7.400374868909702e+07	-1.344887730271807e+03	-3.697367244032322e+06	1.281777095036650e+03	3.689013946364188e+04
9.192214702192074e+01	7.448037247244811e+04	6.534759765293279e+01	4.598100979966065e-07	-4.485059265293863e+00	3.452922534173334e+07	4.973246927252433e+07	7.866167543360585e+07	-1.395194465927714e+03	-3.823253129972410e+06	1.338969903523944e+03	3.770787730346857e+04
9.309312978653119e+01	7.772877961084814e+04	6.650712678863677e+01	4.405939183508382e-07	-4.534391012970139e+00	3.686408467248900e+07	5.217286787302457e+07	8.335032036534685e+07	-1.447819281309621e+03	-3.925205844708078e+06	1.396288167381110e+03	3.851505928449470e+04
9.426411255114165e+01	8.098072429337318e+04	6.762176466130217e+01	5.514490541361173e-07	-4.576469751504926e+00	3.918587555885024e+07	5.461945674612857e+07	8.803707981502789e+07	-1.500200597967816e+03	-4.016000147442102e+06	1.454051351742180e+03	3.932267462537216e+04
9.543509531575211e+01	8.425932517322230e+04	6.870400464088561e+01	5.299917145842100e-07	-4.613826216235482e+00	4.155400834876995e+07	5.709777430299002e+07	9.280392093919799e+07	-1.555575837417187e+03	-4.100148859636732e+06	1.511221497132326e+03	4.013591161503910e+04
9.660607808036256e+01	8.755098472263468e+04	6.975304054580864e+01	5.100655893530944e-07	-4.646437772098003e+00	4.396835313191926e+07	5.960351793084583e+07	9.764699028186603e+07	-1.610716386334143e+03	-4.176828099269108e+06	1.568737930469822e+03	4.095220117353074e+04
9.777706084497302e+01	9.084214266812560e+04	7.076833448718082e+01	4.915862146314378e-07	-4.674566332370176e+00	4.642908314676444e+07	6.213265950881258e+07	1.025625685194881e+08	-1.667520882627711e+03	-4.245851622628910e+06	1.626995779925629e+03	4.176969281358474e+04
9.894804360958348e+01	9.411652244075859e+04	7.174872631590677e+01	4.744835883318460e-07	-4.698522018333336e+00	4.893399665111500e+07	6.467904792893839e+07	1.075423845622725e+08	-1.724515988244601e+03	-4.307185236889116e+06	1.684892768861819e+03	4.258641315711981e+04
1.001190263741939e+02	9.735958844663731e+04	7.269374628942509e+01	4.586784565277912e-07	-4.718728363012894e+00	5.148277997405236e+07	6.723770726358475e+07	1.125809835124159e+08	-1.777431504505312e+03	-4.361147266608517e+06	1.743523635348437e+03	4.340086048823732e+04
1.012900091388044e+02	1.005551463429257e+05	7.360251144840521e+01	4.441020459215879e-07	-4.735523182280596e+00	5.407093243939772e+07	6.980189844382429e+07	1.176669937304849e+08	-1.829356883042141e+03	-4.407914671394161e+06	1.799904257513715e+03	4.421136430974794e+04
1.024609919034148e+02	1.036902717555698e+05	7.447506153350955e+01	4.306744085867092e-07	-4.749390158895873e+00	5.669711758572282e+07	7.236693371166311e+07	1.227939864180499e+08	-1.879096646837819e+03	-4.448163474116352e+06	1.854355513601843e+03	4.501692716399181e+04
1.036319746680253e+02	1.376927665326557e+05	8.167520582241025e+01	3.243216648338361e-07	-4.851097386526450e+00	6.516423592239311e+07	9.423016468644115e+07	1.529535237506662e+08	-2.430117185939978e+03	-4.755737596539168e+06	2.350739617711451e+03	4.599479889011354e+04
1.048029574326358e+02	1.716119583351089e+05	8.624641781974222e+01	2.602193232308123e-07	-4.911308534484976e+00	7.367523441850640e+07	1.088796797713272e+08	1.759486559056323e+08	-2.963335675183259e+03	-4.947571820043226e+06	2.855320764947101e+03	4.696358282851522e+04
1.059739401972462e+02	2.054451491447077e+05	8.949519264639652e+01	2.173658017152236e-07	-4.950395212109735e+00	8.225286197607650e+07	1.199684094762605e+08	1.954542000642078e+08	-3.515752139943353e+03	-5.079993483263369e+06	3.358811586675288e+03	4.791940059878307e+04
1.071449229618567e+02	2.391686303122095e+05	9.198385659504318e+01	1.858541136500200e-07	-4.977183707165864e+00	9.087413333584149e+07	1.290804312355456e+08	2.130307641961259e+08	-4.116057562286469e+03	-5.177234068987676e+06	3.886552748787476e+03	4.885961077947779e+04
1.083159057264671e+02	2.430239943222151e+05	9.224295033023793e+01	1.888123231099778e-07	-4.995492419328414e+00	9.935534612434645e+07	1.301469254010799e+08	2.224717847580200e+08	-4.181700109871332e+03	-5.248760723429653e+06	3.953402652485210e+03	4.978083876977347e+04
1.094868884910776e+02	2.523318918286956e+05	9.287903643035811e+01	1.818475049554712e-07	-5.077993215301171e+00	1.078859349683127e+08	1.329195247237183e+08	2.335663724400287e+08	-4.319681107273179e+03	-5.594520285861926e+06	4.091958299271686e+03	5.067987588196874e+04
1.106578712556880e+02	2.614795677424855e+05	9.350101626806057e+01	1.754857024802775e-07	-5.153314238505377e+00	1.164039510588174e+08	1.358117835553676e+08	2.447779669509302e+08	-4.455923147536667e+03	-5.932446352055099e+06	4.229232488579103e+03	5.155602388209914e+04
1.118288540202985e+02	2.705001456869689e+05	9.411220887417929e+01	1.696336481677403e-07	-5.222869722378330e+00	1.249633030862939e+08	1.388390598718765e+08	2.561733004187650e+08	-4.587446828249273e+03	-6.265802033018610e+06	4.363103440539981e+03	5.241158002492438e+04
1.129998367849089e+02	2.794492293108017e+05	9.471706637207213e+01	1.642013002339751e-07	-5.287480193718242e+00	1.336615460906276e+08	1.420249915066261e+08	2.678712869665784e+08	-4.727950419539763e+03	-6.595925911294270e+06	4.500237877491595e+03	5.324860599556052e+04
1.141708195495194e+02	2.826987905239284e+05	9.494068304074602e+01	1.623138433071983e-07	-5.294904901207491e+00	1.424148428024949e+08	1.432877773085967e+08	2.777949653009571e+08	-4.780794079051861e+03	-6.636297936435550e+06	4.557535847978876e+03	5.406629945351024e+04
1.153418023141299e+02	2.857427294914485e+05	9.515801057187105e+01	1.605847576230956e-07	-5.300361217371141e+00	1.507617664730583e+08	1.445853815217163e+08	2.873528411873684e+08	-4.829705942500938e+03	-6.667774705739158e+06	4.610497673267029e+03	5.484902100237647e+04
1.165127850787403e+02	2.884419390868446e+05	9.535784632543340e+01	1.590820235196755e-07	-5.301997470707571e+00	1.582065269768012e+08	1.458425823433589e+08	2.959807271865259e+08	-4.870657815409471e+03	-6.677766092480592e+06	4.656392108090437e+03	5.557719578581536e+04
1.176837678433508e+02	2.908659389177056e+05	9.554390465245717e+01	1.577562758070537e-07	-5.299626695293528e+00	1.650023074839388e+08	1.470722418678588e+08	3.039445646416802e+08	-4.902673763997398e+03	-6.662504515422835e+06	4.697608344237813e+03	5.624976606564563e+04
1.188547506079612e+02	2.930762260682523e+05	9.571970759619988e+01	1.565665285440896e-07	-5.294976647763439e+00	1.713617945356290e+08	1.482918208579893e+08	3.114697398469391e+08	-4.930288188894648e+03	-6.630980475695247e+06	4.734362701727528e+03	5.687985738436921e+04
1.200257333725717e+02	2.951367044017090e+05	9.588939858596063e+01	1.554734697538659e-07	-5.289694088291299e+00	1.775107891748791e+08	1.495268920624980e+08	3.188024342457696e+08	-4.956503231512500e+03	-6.593354426839272e+06	4.767345222543263e+03	5.748573230320868e+04
1.211967161371821e+02	2.970691103837650e+05	9.605402025181677e+01	1.544621307806801e-07	-5.284368067337791e+00	1.834810734257454e+08	1.507824368598654e+08	3.259774351415461e+08	-4.980358624263585e+03	-6.553577920448540e+06	4.797616035301992e+03	5.807609812843490e+04
1.223676989017926e+02	2.988842709781075e+05	9.621382642837247e+01	1.535240654004140e-07	-5.279005598239422e+00	1.892568192422056e+08	1.520572948118059e+08	3.329777637942954e+08	-5.001660825632373e+03	-6.511663265390432e+06	4.826356282386428e+03	5.865237473170240e+04
1.235386816664030e+02	3.006103388888852e+05	9.637072241527480e+01	1.526425497788750e-07	-5.273436148447816e+00	1.949201488625710e+08	1.533640538994542e+08	3.398980499473661e+08	-5.022812097497761e+03	-6.466181066893569e+06	4.854483172836309e+03	5.921558275345079e+04
1.247096644310135e+02	3.022803136536818e+05	9.652728344783200e+01	1.517992631165067e-07	-5.267481098124029e+00	2.005874405283210e+08	1.547230352032705e+08	3.468747947075930e+08	-5.043707700306061e+03	-6.415453589092563e+06	4.883797617475318e+03	5.976699610235923e+04
1.258806471956240e+02	3.039035214757589e+05	9.668406547328640e+01	1.509884747573136e-07	-5.261153841274929e+00	2.062591062317564e+08	1.561392780039152e+08	3.539133812678207e+08	-5.062226762128986e+03	-6.359315396479886e+06	4.912106365946449e+03	6.030822837821552e+04
1.270516299602344e+02	3.054843913731800e+05	9.684121644371608e+01	1.502071154796208e-07	-5.254464264853088e+00	2.119222574031956e+08	1.576146221367418e+08	3.610027243381362e+08	-5.081878140421934e+03	-6.297582012150220e+06	4.938887408232316e+03	6.084045360462759e+04
1.282226127248449e+02	3.070268928154972e+05	9.699887640822823e+01	1.494524760646450e-07	-5.247485796734956e+00	2.175744863718565e+08	1.591510819912317e+08	3.681421976675172e+08	-5.100759951085250e+03	-6.230686460500832e+06	4.964622325816142e+03	6.136526042608675e+04
1.293935954894553e+02	3.085260812670314e+05	9.715628867152162e+01	1.487262571224152e-07	-5.240226133921467e+00	2.231793507564935e+08	1.607417601006767e+08	3.752885009442012e+08	-5.118837791343802e+03	-6.158485016912227e+06	4.986985505915175e+03	6.188267244099214e+04
1.305645782540658e+02	3.099609777227578e+05	9.731094503073842e+01	1.480377616521014e-07	-5.232798525572179e+00	2.286292820919241e+08	1.623608053973085e+08	3.823083946372502e+08	-5.138781401869232e+03	-6.081929411137547e+06	5.008655555629264e+03	6.239269856991684e+04
1.317355610186762e+02	3.112892142882430e+05	9.745783105058503e+01	1.474061012460718e-07	-5.225257835626817e+00	2.337170359015399e+08	1.639526457720898e+08	3.889396990992557e+08	-5.156961527891991e+03	-6.001471427028101e+06	5.028795121095519e+03	6.289369394851449e+04
1.329065437832867e+02	3.124992068364458e+05	9.759508796935989e+01	1.468353461881014e-07	-5.217554378936629e+00	2.383728545749410e+08	1.654912535208324e+08	3.950868071588426e+08	-5.175251233457286e+03	-5.916468626652827e+06	5.047491638847491e+03	6.338509666511547e+04
1.340775265478972e+02	3.135674748595427e+05	9.771937707987915e+01	1.463351037975692e-07	-5.209500998431469e+00	2.424720965539922e+08	1.669314578520516e+08	4.005804291014121e+08	-5.193803040653874e+03	-5.824657251790904e+06	5.065423046813154e+03	6.386486395896629e+04
1.352485093125076e+02	3.145292269044039e+05	9.783413181991351e+01	1.458876467336123e-07	-5.201177809021623e+00	2.461621113564344e+08	1.683043066225146e+08	4.055989927200881e+08	-5.209325473787434e+03	-5.726713347686022e+06	5.082904384294440e+03	6.433342970131399e+04
1.364194920771181e+02	3.154151803237612e+05	9.794251224669550e+01	1.454778698825688e-07	-5.192583007138381e+00	2.495699416064878e+08	1.696413082973869e+08	4.103009856419463e+08	-5.225113558740096e+03	-5.622407446214015e+06	5.097989493089056e+03	6.479174161997938e+04
1.375904748417285e+02	3.162341787097984e+05	9.804519443464714e+01	1.451011038274292e-07	-5.183814154401758e+00	2.527220323617236e+08	1.709464478891378e+08	4.147166031554451e+08	-5.240389287287321e+03	-5.512750393741880e+06	5.112257393637658e+03	6.524106956084635e+04
1.387614576063390e+02	3.170189302489287e+05	9.814598384229086e+01	1.447419188628048e-07	-5.175267699420143e+00	2.557560306668257e+08	1.722651056060744e+08	4.190278955341555e+08	-5.253371100912180e+03	-5.402709580224385e+06	5.125922973692020e+03	6.568620148698526e+04
1.399324403709494e+02	3.177708712829639e+05	9.824486311087826e+01	1.443994155141867e-07	-5.166945497020873e+00	2.586650522883912e+08	1.735957336901354e+08	4.232264453532168e+08	-5.266895191118046e+03	-5.292466680895756e+06	5.138484881244322e+03	6.612731532464489e+04
1.411034231355599e+02	3.184913529052471e+05	9.834181646478767e+01	1.440727606293447e-07	-5.158847575060002e+00	2.614424029368164e+08	1.749367774612176e+08	4.273040184812849e+08	-5.279463227292105e+03	-5.182181443778402e+06	5.150681817234518e+03	6.656457653341148e+04
1.422744059001703e+02	3.191817296596853e+05	9.843684082141614e+01	1.437611385201581e-07	-5.150973301100590e+00	2.640820629696837e+08	1.762868328093797e+08	4.312532076753346e+08	-5.290832527477211e+03	-5.072005421136394e+06	5.162596705379416e+03	6.699815099543927e+04
1.434453886647808e+02	3.198278083352794e+05	9.852776181772484e+01	1.434707304037227e-07	-5.143473289287168e+00	2.664286322268973e+08	1.776131356084124e+08	4.348861682600704e+08	-5.302312811744586e+03	-4.964262712047986e+06	5.173754035951303e+03	6.742630056078410e+04
1.446163714293913e+02	3.204195033866774e+05	9.861287025196432e+01	1.432057948712164e-07	-5.136464891649251e+00	2.683622689226222e+08	1.788873492497519e+08	4.380549973321648e+08	-5.312340674281209e+03	-4.860957664157072e+06	5.184864660788664e+03	6.784779011851217e+04
1.457873541940017e+02	3.209536496358909e+05	9.869138026013785e+01	1.429674653276827e-07	-5.129958414326595e+00	2.698388107933910e+08	1.800932335071177e+08	4.406994157614710e+08	-5.321017481089886e+03	-4.762609667621669e+06	5.194052635787746e+03	6.826115005707770e+04
1.469583369586122e+02	3.214330002682136e+05	9.876336041212726e+01	1.427542581231054e-07	-5.123929675117932e+00	2.708638793590202e+08	1.812269478544123e+08	4.428211985506770e+08	-5.329991556161501e+03	-4.669217115776990e+06	5.202309928528971e+03	6.866642460633807e+04
1.481293197232226e+02	3.218652652675307e+05	9.882965888751620e+01	1.425625397175176e-07	-5.118313255009679e+00	2.714896077317927e+08	1.822971426408820e+08	4.444810074193966e+08	-5.337470363682385e+03	-4.580097877323568e+06	5.210227829190825e+03	6.906461007364640e+04
1.493003024878331e+02	3.222615727013221e+05	9.889172614263254e+01	1.423872207972803e-07	-5.113005605381185e+00	2.718047334939948e+08	1.833232418246108e+08	4.457867941455765e+08	-5.344690478904619e+03	-4.493877673846463e+06	5.217095119327815e+03	6.945712135675158e+04
1.504712852524435e+02	3.226349985976473e+05	9.895142562711614e+01	1.422224178094987e-07	-5.107880441376836e+00	2.719216182476695e+08	1.843331937239332e+08	4.468786031274077e+08	-5.351938074599978e+03	-4.408687817428433e+06	5.223600859659768e+03	6.984561190742478e+04
1.516422680170540e+02	3.229974226270593e+05	9.901054816517467e+01	1.420628351900484e-07	-5.102796977799506e+00	2.719553262894810e+08	1.853558079410117e+08	4.479000596526119e+08	-5.359136938371817e+03	-4.322270568508925e+06	5.230006742674926e+03	7.023069543505217e+04
1.528132507816644e+02	3.233557804367926e+05	9.907017480503660e+01	1.419053947446481e-07	-5.097654624293768e+00	2.719813954909769e+08	1.864095418241499e+08	4.489449992206644e+08	-5.366240514089220e+03	-4.232907232577655e+06	5.236355666971024e+03	7.061207315672515e+04
1.539842335462749e+02	3.237109864990564e+05	9.913043166186857e+01	1.417496829864192e-07	-5.092445797671679e+00	2.720074095205303e+08	1.874970655348925e+08	4.500236277788311e+08	-5.373261005884581e+03	-4.140416411587228e+06	5.242668075048011e+03	7.098997136032634e+04
1.551552163108854e+02	3.240631572627514e+05	9.919131575422375e+01	1.415956388033420e-07	-5.087170396072392e+00	2.720333912804423e+08	1.886188445904186e+08	4.511363997990664e+08	-5.380207263657860e+03	-4.044743733272994e+06	5.248947261353631e+03	7.136451860503062e+04
1.563261990754958e+02	3.244124091767782e+05	9.925282532288759e+01	1.414432016651469e-07	-5.081828140158360e+00	2.720593636736760e+08	1.897753650637559e+08	4.522837888053936e+08	-5.387090708604756e+03	-3.945831362180788e+06	5.255192615297502e+03	7.173584345001289e+04
1.574971818401063e+02	3.247588586900375e+05	9.931495982184131e+01	1.412923116147905e-07	-5.076418574291544e+00	2.720853500379655e+08	1.909671353282078e+08	4.534662894209053e+08	-5.393922372749036e+03	-3.843617683898281e+06	5.261367070543143e+03	7.210407445444805e+04
1.586681646047167e+02	3.251014436745449e+05	9.937750496624666e+01	1.411434209407711e-07	-5.070938787815257e+00	2.721112946798525e+08	1.921905068940028e+08	4.546802334679952e+08	-5.400744146675908e+03	-3.737993257708421e+06	5.267391689661100e+03	7.246803903279375e+04
1.598391473693272e+02	3.254397767536302e+05	9.944036198343383e+01	1.409966858464091e-07	-5.065388080414426e+00	2.721371916540731e+08	1.934438799264662e+08	4.559240067939014e+08	-5.407440883632702e+03	-3.628888698447753e+06	5.273324250064908e+03	7.282730952257455e+04
1.610101301339376e+02	3.257740255657496e+05	9.950353344663145e+01	1.408463696387528e-07	-5.059767035946737e+00	2.721630721617532e+08	1.947275905133619e+08	4.571979326865293e+08	-5.413991317768658e+03	-3.516259476452377e+06	5.279208733818010e+03	7.318207099605375e+04
1.621811128985481e+02	3.261043577525042e+05	9.956702361899079e+01	1.407036974013778e-07	-5.054075971513349e+00	2.721889669889310e+08	1.960420129341284e+08	4.585023708630724e+08	-5.420463651030260e+03	-3.400056231041361e+06	5.285045011561406e+03	7.353250852896688e+04
1.633520956631585e+02	3.264309409523501e+05	9.963083844264023e+01	1.405629282278619e-07	-5.048314939432365e+00	2.722149070270861e+08	1.973875621773598e+08	4.598377202052881e+08	-5.426867407175504e+03	-3.280224416574855e+06	5.290839631863792e+03	7.387880719357723e+04
1.645230784277690e+02	3.267537284976191e+05	9.969494301138720e+01	1.404240716240286e-07	-5.042486456060880e+00	2.722409001689709e+08	1.987637821853884e+08	4.612035107582673e+08	-5.433213646267256e+03	-3.156761649732283e+06	5.296507036515203e+03	7.422091546894389e+04
1.656940611923795e+02	3.270717016178152e+05	9.975910614575315e+01	1.402875540553686e-07	-5.036604664955266e+00	2.722668552989648e+08	2.001658835949222e+08	4.625949608988029e+08	-5.439452087497943e+03	-3.029919163360758e+06	5.302067057505155e+03	7.455770863603843e+04
1.668650439569899e+02	3.273851032933242e+05	9.982334582292565e+01	1.401532586686188e-07	-5.030669790231560e+00	2.722928090584930e+08	2.015943527299567e+08	4.640125476850200e+08	-5.445575735593225e+03	-2.899658859332147e+06	5.307531504597880e+03	7.488945494434834e+04
1.680360267216004e+02	3.276941765045319e+05	9.988768237158001e+01	1.400210696492280e-07	-5.024681730505086e+00	2.723187973904799e+08	2.030497495941876e+08	4.654568196161391e+08	-5.451571095225834e+03	-2.765935613180100e+06	5.312944339490783e+03	7.521642264336113e+04
1.692070094862108e+02	3.279991642318240e+05	9.995213846275215e+01	1.398908721845769e-07	-5.018640060826595e+00	2.723448556200907e+08	2.045327114505658e+08	4.669284000497499e+08	-5.457465025754736e+03	-2.628696813330533e+06	5.318296402064136e+03	7.553887998256429e+04
1.703779922508213e+02	3.282999378219328e+05	1.000166594523717e+02	1.397627106242361e-07	-5.012557580223340e+00	2.723709431121827e+08	2.060420624822099e+08	4.684261291893611e+08	-5.463305289889974e+03	-2.488194778859504e+06	5.323552687647094e+03	7.585668492920473e+04
1.715489750154317e+02	3.285963218274495e+05	1.000811794509297e+02	1.396366490172514e-07	-5.006452713034550e+00	2.723969902410764e+08	2.075762706420437e+08	4.699485198499773e+08	-5.469002584745967e+03	-2.344828710298076e+06	5.328764644568982e+03	7.616964378996294e+04
1.727199577800422e+02	3.288758362064141e+05	1.001429157683424e+02	1.395179707184457e-07	-5.000609154205197e+00	2.724220869443895e+08	2.090681843046542e+08	4.714290105813421e+08	-5.475149481587130e+03	-2.205350739558730e+06	5.334141105644900e+03	7.647822667687462e+04
1.738909405446526e+02	3.291517657467741e+05	1.002047390993910e+02	1.394010121852979e-07	-4.994738636723535e+00	2.724472232999821e+08	2.105861036128413e+08	4.729353044103975e+08	-5.481137737634152e+03	-2.062968482345608e+06	5.339332450305232e+03	7.678285191463125e+04
1.750619233092631e+02	3.294212666350699e+05	1.002659800685790e+02	1.392869676921616e-07	-4.988884997246235e+00	2.724721089020701e+08	2.121134993635821e+08	4.744508265688273e+08	-5.486857747687602e+03	-1.918739372539550e+06	5.344446780435820e+03	7.708037994322006e+04
1.762329060738736e+02	3.296849149148331e+05	1.003267306472501e+02	1.391755802452406e-07	-4.983047702253230e+00	2.724967864782140e+08	2.136522553641353e+08	4.759774799380986e+08	-5.492419778665255e+03	-1.772661243190216e+06	5.349450095817201e+03	7.737144671266497e+04
1.774038888384840e+02	3.299420342129469e+05	1.003867958185824e+02	1.390671226431741e-07	-4.977244116089169e+00	2.725211643181979e+08	2.151970299813917e+08	4.775098833829720e+08	-5.497883476479836e+03	-1.625186145135377e+06	5.354223620751488e+03	7.765530550943442e+04
1.785748716030944e+02	3.301916240597997e+05	1.004458977110557e+02	1.389620026561290e-07	-4.971493968603820e+00	2.725451393393235e+08	2.167401085355723e+08	4.790402884653313e+08	-5.503114998909933e+03	-1.476847343030129e+06	5.358874834362090e+03	7.793085181861169e+04
1.797458543677049e+02	3.304349181849358e+05	1.005042850439806e+02	1.388596870846538e-07	-4.965742918626250e+00	2.725690240817437e+08	2.182875786430223e+08	4.805744911448599e+08	-5.508114317850903e+03	-1.326261602386504e+06	5.363401870695793e+03	7.819837384342522e+04
1.809168371323154e+02	3.306816957953674e+05	1.005642944660484e+02	1.387560603567774e-07	-4.959519667082459e+00	2.725953730588937e+08	2.199035539925037e+08	4.821740402830034e+08	-5.513017850853165e+03	-1.160903650149127e+06	5.368089381193070e+03	7.846014193115383e+04
1.820878198969258e+02	3.309361137585398e+05	1.006269683430550e+02	1.386493870946502e-07	-4.952588275420137e+00	2.726256752819854e+08	2.216188820080499e+08	4.838683269227735e+08	-5.517912128666937e+03	-9.740456493482481e+05	5.372869946230399e+03	7.871699866168598e+04
1.832588026615363e+02	3.312011944366003e+05	1.006931036802412e+02	1.385384174671296e-07	-4.944779435490126e+00	2.726611657746657e+08	2.234586235687068e+08	4.856812823993967e+08	-5.522806880799899e+03	-7.605070073246872e+05	5.377954729720144e+03	7.897009198383642e+04
1.844297854261467e+02	3.314792329589691e+05	1.007633404279641e+02	1.384222140601993e-07	-4.935950817894618e+00	2.727029976734395e+08	2.254443441089305e+08	4.876334008478662e+08	-5.527962663533050e+03	-5.156576964092660e+05	5.383213714389031e+03	7.922033708728438e+04
1.856007681907572e+02	3.317714547515983e+05	1.008380645938555e+02	1.383002928241960e-07	-4.925995707023022e+00	2.727521902224001e+08	2.275910982890316e+08	4.897387690666442e+08	-5.533476780568250e+03	-2.357024730762652e+05	5.388668509537783e+03	7.946812816999400e+04
1.867717509553677e+02	3.320805387368224e+05	1.009180473785939e+02	1.381715698244952e-07	-4.914768911139683e+00	2.728100154611852e+08	2.299255587967025e+08	4.920229838235695e+08	-5.539342057289269e+03	8.437642413417519e+04	5.394455431121527e+03	7.971518610110221e+04
1.879427337199781e+02	3.324071474083679e+05	1.010035540153171e+02	1.380358085078113e-07	-4.902201919818353e+00	2.728773645396037e+08	2.324603765504972e+08	4.944978493504747e+08	-5.545460461871475e+03	4.475514665973961e+05	5.400579269726264e+03	7.996210442075839e+04
1.891137164845885e+02	3.327519593682044e+05	1.010948575732592e+02	1.378927698475008e-07	-4.888219647734238e+00	2.729551916059392e+08	2.352088210799942e+08	4.971757078649178e+08	-5.551962154731517e+03	8.570694852229062e+05	5.407098529579524e+03	8.020914468124029e+04
1.902846992491990e+02	3.331151850194598e+05	1.011921093341666e+02	1.377424128860352e-07	-4.872773479389741e+00	2.730443321382987e+08	2.381807543259102e+08	5.000656165896547e+08	-5.558464034390693e+03	1.315481258128954e+06	5.413964683469891e+03	8.045662657180609e+04
1.914556820138095e+02	3.334965797162830e+05	1.012953369233839e+02	1.375848873712291e-07	-4.855840346287320e+00	2.731454925700631e+08	2.413823903167693e+08	5.031730876582436e+08	-5.565337853677514e+03	1.824628372699678e+06	5.420986802450639e+03	8.070476094685397e+04
1.926266647784199e+02	3.338947369384473e+05	1.014042461806210e+02	1.374208224467277e-07	-4.837428670065099e+00	2.732592215800669e+08	2.448100853950601e+08	5.064938146904167e+08	-5.572579611984611e+03	2.385422692603137e+06	5.428387126505946e+03	8.095237310861620e+04
1.937976475430304e+02	3.343087283141234e+05	1.015186615939616e+02	1.372506473159273e-07	-4.817543663989047e+00	2.733860936784085e+08	2.484634898886545e+08	5.100268744126003e+08	-5.579861390892572e+03	2.998867346178138e+06	5.435990434073165e+03	8.119932234443612e+04
1.949686303076408e+02	3.347380962098332e+05	1.016385296844928e+02	1.370745961944723e-07	-4.796185478470096e+00	2.735266960894728e+08	2.523458590765391e+08	5.137749845920604e+08	-5.587483678960326e+03	3.666120157378431e+06	5.443371935943259e+03	8.144548413452787e+04
1.961396130722513e+02	3.352025402679010e+05	1.017694668385650e+02	1.368846707797933e-07	-4.772687251943623e+00	2.736854835114977e+08	2.566422232960287e+08	5.179215726611058e+08	-5.595517007971474e+03	4.409440934097886e+06	5.451251329112670e+03	8.169546184596841e+04
1.973105958368618e+02	3.357126776887397e+05	1.019146478471189e+02	1.366766655773729e-07	-4.746707894706204e+00	2.738655816998649e+08	2.614647449315657e+08	5.225784669489128e+08	-5.604220687085814e+03	5.241444797280842e+06	5.459934761888422e+03	8.195180953385476e+04
1.984815786014722e+02	3.362729603356111e+05	1.020755432563404e+02	1.364489411831218e-07	-4.718133084581700e+00	2.740691236775730e+08	2.668731746918480e+08	5.278059530852218e+08	-5.614094303181332e+03	6.167802667446019e+06	5.469433981254088e+03	8.221586801891764e+04
1.996525613660826e+02	3.368850097670012e+05	1.022528202402350e+02	1.362010419004730e-07	-4.686952598632887e+00	2.742978535631300e+08	2.729022169330997e+08	5.336397969992070e+08	-5.624848604219726e+03	7.190911010785746e+06	5.479928901564644e+03	8.248809248551924e+04
2.008235441306931e+02	3.375473733811589e+05	1.024462439373956e+02	1.359337767035858e-07	-4.653265465972514e+00	2.745530567310770e+08	2.795569661116378e+08	5.400866705641286e+08	-5.636941195333493e+03	8.309557673413929e+06	5.491749702409687e+03	8.276834638275244e+04
2.019945268953036e+02	3.382579261080476e+05	1.026553574524186e+02	1.356482308591439e-07	-4.617209673176032e+00	2.748358565395745e+08	2.868345802334716e+08	5.471456362170855e+08	-5.650078278784394e+03	9.521111710956009e+06	5.504754329552019e+03	8.305652453781493e+04
2.031655096599140e+02	3.390138909153683e+05	1.028794843684047e+02	1.353457496974640e-07	-4.578954429247064e+00	2.751472135745999e+08	2.947240481597224e+08	5.548078504296510e+08	-5.664222715971046e+03	1.082172480805934e+07	5.519005040674831e+03	8.335213937027683e+04
2.043364924245245e+02	3.398109551512613e+05	1.031174630191114e+02	1.350282813620696e-07	-4.538724391755319e+00	2.754877467708763e+08	3.031966022233093e+08	5.630469958091300e+08	-5.678557708716389e+03	1.220544804223066e+07	5.534584436553167e+03	8.365389949188435e+04
2.055074751891349e+02	3.406443664443156e+05	1.033679676533996e+02	1.346035826962912e-07	-4.496769448501414e+00	2.758578148425307e+08	3.122162140432938e+08	5.718296678650880e+08	-5.692676917874034e+03	1.366519447184506e+07	5.551500828807989e+03	8.396105969585400e+04
2.066784579537454e+02	3.415093145427773e+05	1.036296243881685e+02	1.342626694805608e-07	-4.453353029294778e+00	2.762575018618879e+08	3.217434285967128e+08	5.811191535652578e+08	-5.706421692551295e+03	1.519310871139630e+07	5.568619723891827e+03	8.427204746528350e+04
2.078494407183558e+02	3.423990916078941e+05	1.039004557208856e+02	1.339137673801674e-07	-4.408799650074406e+00	2.766863129263637e+08	3.317153326657875e+08	5.908554471113902e+08	-5.721573757675482e+03	1.677885179955278e+07	5.584897262061630e+03	8.458506020482737e+04
2.090204234829663e+02	3.433060309793727e+05	1.041781596610699e+02	1.335599967729995e-07	-4.363468143868882e+00	2.771432383340442e+08	3.420547285804624e+08	6.009642803166215e+08	-5.737220848100146e+03	1.841046523704038e+07	5.600582208757011e+03	8.489837484976125e+04
2.101914062475767e+02	3.442220896864798e+05	1.044602866962428e+02	1.332045614365876e-07	-4.317736211266229e+00	2.776267462738259e+08	3.526760643629313e+08	6.113629953570491e+08	-5.752642606410405e+03	2.007487583607219e+07	5.615477540356192e+03	8.521016616501287e+04
2.113623890121872e+02	3.451378528870739e+05	1.047439328119852e+02	1.328511264715723e-07	-4.272021344624190e+00	2.781346000265794e+08	3.634738143526112e+08	6.219488787635559e+08	-5.768190292173001e+03	2.175709196880224e+07	5.631138220633869e+03	8.551804448225068e+04
2.125333717767977e+02	3.460434973576361e+05	1.050260329240488e+02	1.325034358518149e-07	-4.226759931055048e+00	2.786638420862079e+08	3.743326843749102e+08	6.326092665650551e+08	-5.783915201326550e+03	2.344091425141515e+07	5.646415624363367e+03	8.582032303654190e+04
2.137043545414081e+02	3.469286293806729e+05	1.053033080017647e+02	1.321653744464604e-07	-4.182408390096591e+00	2.792106963797871e+08	3.851253136351423e+08	6.432192015146850e+08	-5.798477843463149e+03	2.510885923568010e+07	5.661460205962353e+03	8.611456447673956e+04
2.148753373060186e+02	3.477821524993485e+05	1.055722184662589e+02	1.318410152807061e-07	-4.139446682846092e+00	2.797704167314798e+08	3.957100977059509e+08	6.536391748773471e+08	-5.812805842162118e+03	2.674198928557107e+07	5.676374096766418e+03	8.639838976139970e+04
2.160463200706290e+02	3.485927132800244e+05	1.058290969683891e+02	1.315344532507784e-07	-4.098367378385507e+00	2.803372411669754e+08	4.059358864917051e+08	6.637196908252363e+08	-5.825821828091303e+03	2.832029184114030e+07	5.690986016548487e+03	8.666976172430870e+04
2.172173028352395e+02	3.493484058648025e+05	1.060700462321963e+02	1.312499243273824e-07	-4.059688784128237e+00	2.809041729792337e+08	4.156376939964800e+08	6.732969411530343e+08	-5.837330245681954e+03	2.982214559597486e+07	5.704298015993025e+03	8.692598896547132e+04
2.183882855998499e+02	3.500346623425717e+05	1.062902504794609e+02	1.309926033960001e-07	-4.024000800257364e+00	2.814610860852448e+08	4.246091353511989e+08	6.821636406388472e+08	-5.846834210192553e+03	3.122247618798660e+07	5.716466780915375e+03	8.716267490788874e+04
2.195592683644604e+02	3.506272257887348e+05	1.064816762292169e+02	1.307712248039540e-07	-3.992179084452929e+00	2.819808949802983e+08	4.325089511117455e+08	6.899633001355667e+08	-5.853641081679323e+03	3.248414498374257e+07	5.727473330524320e+03	8.737413780831062e+04
2.207302511290708e+02	3.511137402037575e+05	1.066399827043560e+02	1.305900241905641e-07	-3.964856462148504e+00	2.824437465855559e+08	4.391320090562485e+08	6.964864625597833e+08	-5.857980081342008e+03	3.357865177781805e+07	5.736207991558941e+03	8.755768397368665e+04
2.219012338936813e+02	3.514972193761170e+05	1.067657313213427e+02	1.304475522451594e-07	-3.942402682777152e+00	2.828320277749668e+08	4.444633994486288e+08	7.017216174757094e+08	-5.861135580018390e+03	3.448735134047958e+07	5.741984670392117e+03	8.771384919407908e+04
2.230722166582918e+02	3.517881510635703e+05	1.068619177390448e+02	1.303396709291000e-07	-3.924650229740256e+00	2.831388654203977e+08	4.485954603024626e+08	7.057610325106903e+08	-5.863528238224171e+03	3.521309608562343e+07	5.745979797691652e+03	8.784474200271913e+04
2.242431994229022e+02	3.520005670221076e+05	1.069327518790978e+02	1.302610168844438e-07	-3.911192020097431e+00	2.833642726187481e+08	4.516774670487102e+08	7.087545113549873e+08	-5.864950501458945e+03	3.576883029513936e+07	5.748436729260284e+03	8.795402170849539e+04
2.254141821875127e+02	3.521496562699091e+05	1.069829132437581e+02	1.302058684459059e-07	-3.901487492099104e+00	2.835146292220753e+08	4.538856658494247e+08	7.108807669998801e+08	-5.866073315142062e+03	3.617356252691284e+07	5.749965576215572e+03	8.804491946231708e+04
2.265851649521231e+02	3.522525855507673e+05	1.070178613868302e+02	1.301678218938742e-07	-3.894849839756461e+00	2.836034850265594e+08	4.554370701019934e+08	7.123621615777705e+08	-5.867235600116590e+03	3.645312624702574e+07	5.751084965633405e+03	8.812135874086806e+04
2.277561477167336e+02	3.523281700259635e+05	1.070437632044671e+02	1.301398971710245e-07	-3.890469591545052e+00	2.836525135001453e+08	4.565875004784567e+08	7.134640308174926e+08	-5.868270602332327e+03	3.663941967115247e+07	5.752151323784235e+03	8.818765364672286e+04
2.289271304813440e+02	3.523879171290309e+05	1.070644284365959e+02	1.301178320507962e-07	-3.887665639518460e+00	2.836781019321854e+08	4.575003418732961e+08	7.143516637919618e+08	-5.869228379906678e+03	3.675982945748555e+07	5.753086128353030e+03	8.824639885213035e+04
2.300981132459545e+02	3.524359338994111e+05	1.070811908595622e+02	1.301001044656862e-07	-3.885867207763064e+00	2.836888959676047e+08	4.582377370493335e+08	7.150785793563908e+08	-5.870104347522683e+03	3.683780137427485e+07	5.753935123619964e+03	8.829795192278977e+04
2.312690960105649e+02	3.524776258820606e+05	1.070958801323178e+02	1.300847158824540e-07	-3.884418316399317e+00	2.836954175779401e+08	4.588870620603992e+08	7.157216481913372e+08	-5.870888486989900e+03	3.690121673668488e+07	5.754690551664423e+03	8.834397972434586e+04
2.324400787751754e+02	3.525106716511886e+05	1.071076304019777e+02	1.300725212176103e-07	-3.883239116266092e+00	2.837008154099519e+08	4.594115123245776e+08	7.162408925675809e+08	-5.871509022791616e+03	3.695331490700092e+07	5.755305209763339e+03	8.838046213671948e+04
2.336110615397859e+02	3.525270143430135e+05	1.071134949357744e+02	1.300664912254406e-07	-3.882635284774311e+00	2.837036318186046e+08	4.596758273305035e+08	7.165024471130393e+08	-5.871781921657443e+03	3.698024200793949e+07	5.755585265488823e+03	8.839850441075879e+04
