WARNING: 2 open meshes merged
     Merged: MainWing
     Merged: HorzTail
...Mass Properties...
26 Num Comps
26 Total Num Meshes
59520 Total Num Tris

4.179200461819400e+02             Total Mass
1.003442428325704e+01 2.506759137266815e-03 -6.437741754150651e-01       Center of Gravity
6.871372097202200e+03 1.478374399753322e+04 1.856556455045331e+04       Ixx, Iyy, Izz
-7.846540916311837e-01 6.485539683206687e+01 4.697867326055959e+00       Ixy, Ixz, Iyz
4.182721826893976e+02             Volume

Name	Mass	cgX	cgY	cgZ	Ixx	Iyy	Izz	Ixy	Ixz	Iyz	Volume
FuselageGeom	1.747412559007858e+02	1.059626406279524e+01	1.119573759531065e-03	-2.402198167754802e-01	6.196185723228745e+02	6.711370834533616e+03	6.572286182296793e+03	1.031482066166929e+00	-8.872874289273270e+01	4.322766943939776e-01	1.747412559007858e+02
PropGeom	0.000000000000000e+00	0.000000000000000e+00	0.000000000000000e+00	0.000000000000000e+00	0.000000000000000e+00	0.000000000000000e+00	0.000000000000000e+00	0.000000000000000e+00	0.000000000000000e+00	0.000000000000000e+00	1.362281815385049e-01
PropGeom	0.000000000000000e+00	0.000000000000000e+00	0.000000000000000e+00	0.000000000000000e+00	0.000000000000000e+00	0.000000000000000e+00	0.000000000000000e+00	0.000000000000000e+00	0.000000000000000e+00	0.000000000000000e+00	1.365196742130268e-01
Cone	0.000000000000000e+00	0.000000000000000e+00	0.000000000000000e+00	0.000000000000000e+00	0.000000000000000e+00	0.000000000000000e+00	0.000000000000000e+00	0.000000000000000e+00	0.000000000000000e+00	0.000000000000000e+00	7.938865170607295e-02
MainWing	4.758487072972659e+01	8.502495053447952e+00	1.132065937907449e-07	-3.677654656693391e+00	4.337126530790996e+03	5.846419713755478e+01	4.393249361742717e+03	-5.767423714987627e-02	1.472515834669401e-01	9.626234085204659e-02	4.758487072972659e+01
HorzTail	1.363581145993078e+01	2.462506242999575e+01	-9.935307087609554e-16	-3.189856088418071e-17	1.429501162892715e+02	1.164590692016517e+01	1.542399223376665e+02	-1.633627781978692e-02	-2.772969468551739e-03	2.654660334687987e-02	1.363581145993078e+01
VertTail	4.431218718815733e+00	2.576371761191919e+01	8.128532654810420e-17	-2.703775911802044e+00	8.268778305558598e+00	1.611177844664272e+01	7.959958155618144e+00	9.501862124125148e-04	-5.931304134565773e+00	-2.288822077054741e-04	4.431218718815733e+00
Right Wheel	4.083321359177828e+00	8.805402756146885e+00	-4.738095242055398e+00	4.047999990452547e+00	2.586380082643134e+00	4.633936012116429e+00	2.647583262636059e+00	-4.707586957778493e-03	-7.304513355214863e-04	9.271182056744700e-03	4.083321359177828e+00
Left Wheel	4.083453385630948e+00	8.804972344351611e+00	4.796821372817363e+00	4.047804536841860e+00	2.585628476480003e+00	4.634122016741847e+00	2.646729069548444e+00	-4.629307717093018e-03	-7.525756538475399e-04	9.234996503750476e-03	4.083453385630948e+00
Nose Wheel	4.083633175658752e+00	3.090774547596723e+00	2.380950808483286e-02	4.048000040888004e+00	2.583748197611644e+00	4.634049336170976e+00	2.645087573663630e+00	-4.181714149107389e-03	-7.089594231185175e-04	8.858117453124023e-03	4.083633175658752e+00
Main Gear Strut L	2.224259508784343e+00	8.820295185165653e+00	3.607271082856995e+00	2.839906171079697e+00	3.065134252282652e+00	2.027791177689341e+00	1.356307455729254e+00	-9.043006994821878e-02	-1.159273926482070e-01	1.383110663091615e+00	2.224259508784343e+00
Main Gear Strut R	2.150829743678505e+00	8.820716554569190e+00	-3.483709404482345e+00	2.840417196313759e+00	2.785534271712240e+00	1.972939595601905e+00	1.120908492853787e+00	7.728907048652056e-02	-1.145524655457961e-01	-1.202058209108933e+00	2.150829743678505e+00
Nose Strut	2.962217781625940e-01	3.210675499075228e+00	-2.461937101603706e-03	2.236967683866538e+00	3.207006783851024e-02	3.183760286980972e-02	2.478074075180536e-02	-3.529180161689695e-05	6.566654901021049e-04	4.022293261472082e-04	2.962217781625940e-01
Wing Strut R	8.116970790222158e-01	6.666149082824759e+00	-6.321248402203689e+00	-1.257038164466621e+00	6.125344797305516e+00	1.545190653742424e+00	4.610734574026393e+00	-7.855486431513913e-04	-1.636059320106046e-04	2.642365927399962e+00	8.116970790222158e-01
Wing Strut L	8.108791804247529e-01	6.666149082824743e+00	6.321649963161540e+00	-1.256656722093148e+00	6.118091447529315e+00	1.543474812370302e+00	4.605166251551607e+00	5.576824129840958e-05	6.478913359364474e-05	-2.636239584575125e+00	8.108791804247529e-01
FrontHumans	0.000000000000000e+00	0.000000000000000e+00	0.000000000000000e+00	0.000000000000000e+00	0.000000000000000e+00	0.000000000000000e+00	0.000000000000000e+00	0.000000000000000e+00	0.000000000000000e+00	0.000000000000000e+00	0.000000000000000e+00
FrontHumans	0.000000000000000e+00	0.000000000000000e+00	0.000000000000000e+00	0.000000000000000e+00	0.000000000000000e+00	0.000000000000000e+00	0.000000000000000e+00	0.000000000000000e+00	0.000000000000000e+00	0.000000000000000e+00	0.000000000000000e+00
FrontHumanBox	5.495073653299363e+01	6.666114710683801e+00	-1.953734927306475e-04	-7.607993984224510e-01	1.872045403893817e+02	1.316140443957075e+02	1.239152365127387e+02	-9.262210220440115e-02	-1.260027667729622e-02	1.544544258183780e-01	5.495073653299363e+01
RearHumans	0.000000000000000e+00	0.000000000000000e+00	0.000000000000000e+00	0.000000000000000e+00	0.000000000000000e+00	0.000000000000000e+00	0.000000000000000e+00	0.000000000000000e+00	0.000000000000000e+00	0.000000000000000e+00	0.000000000000000e+00
RearHumans	0.000000000000000e+00	0.000000000000000e+00	0.000000000000000e+00	0.000000000000000e+00	0.000000000000000e+00	0.000000000000000e+00	0.000000000000000e+00	0.000000000000000e+00	0.000000000000000e+00	0.000000000000000e+00	0.000000000000000e+00
RearHumanBox	5.495702280341558e+01	9.372430536220037e+00	-1.449796124061801e-07	-7.608697113988350e-01	1.872175479643897e+02	1.316186484848056e+02	1.239250394911507e+02	-9.496471571106985e-02	-1.423657749576166e-02	1.450600888127134e-01	5.495702280341558e+01
Fuel Cell	3.972446305836900e+00	8.470336613312460e+00	3.043478260869553e+00	-3.695652173912976e+00	8.547405752991423e+00	3.692732907501581e+00	1.218804503205379e+01	-3.188043687442123e-03	-3.036564127841556e-04	5.701453978908801e-03	3.972446305836900e+00
Fuel Cell	3.972446305836911e+00	8.470336613312393e+00	-3.043478260869527e+00	-3.695652173912968e+00	8.545586655619534e+00	3.692698790587453e+00	1.218626005159611e+01	-3.004357793036582e-03	-2.767496909676070e-04	5.161629313350440e-03	3.972446305836911e+00
Cargo	2.291559465540869e+01	1.478883449692695e+01	-3.055274826738956e-16	5.134814602508215e-01	1.795929227062890e+01	5.996336464920185e+01	5.941587304061340e+01	-3.367233060644952e-02	-4.494099578309481e+00	6.586435527605546e-02	2.291559465540869e+01
Engine	1.731225379343481e+01	2.606727139227663e+00	1.970936924694339e-15	-1.568162223299448e-17	1.740889087050019e+01	1.981665420626536e+01	2.407292409210350e+01	-2.773272949977568e-02	-5.032055994360509e-03	4.219264239632705e-02	1.731225379343481e+01
OtherPlaceholder	9.020937652438396e-01	2.200174309197022e+01	-3.663459248179242e-17	5.434782608695651e-01	1.641035576372541e-01	1.483991105314289e-01	1.584460544910704e-01	-1.359879129414041e-03	-2.005042605479186e-04	1.462080729620938e-03	9.020937652438396e-01
Name	Mass	cgX	cgY	cgZ	Ixx	Iyy	Izz	Ixy	Ixz	Iyz	Volume
Totals	4.179200461819400e+02	1.003442428325704e+01	2.506759137266815e-03	-6.437741754150651e-01	6.871372097202200e+03	1.478374399753322e+04	1.856556455045331e+04	-7.846540916311837e-01	6.485539683206687e+01	4.697867326055959e+00	4.182721826893976e+02

...Filling Mass Properties (Volume Only -- No Shell or Point Mass)...
100 Num Slice

Slice	Mass	cgX	cgY	cgZ	Ixx	Iyy	Izz	Ixy	Ixz	Iyz	Volume
-5.506010391260252e-01	6.669269811669775e-01	-5.506010391260248e-01	-9.509433962267137e-03	-1.205591823144303e-02	5.140748078314717e-01	1.429728207385119e-01	3.962282499547683e-01	-1.534158212538263e-03	-2.335792577341833e-04	2.929445019724967e-03	6.748658463375847e-01
-2.499031173780755e-01	1.335302312334769e+00	-4.000890006361483e-01	-9.874654810462938e-03	-1.203108682038716e-02	1.028320010056626e+00	3.161616392091888e-01	8.228339018975015e-01	-3.140792164132378e-03	-4.628432443403547e-04	5.848540919780681e-03	1.414690964040841e+00
5.079480436987410e-02	2.099761189033788e+00	-2.359359869997309e-01	-5.748877494544416e-03	-8.796966979829852e-03	1.682882444578979e+00	5.765847709073583e-01	1.443435909015180e+00	-1.694120938005413e-03	1.312012426404590e-03	8.139911116360752e-03	2.451897696491392e+00
3.514927261178237e-01	3.378556488424413e+00	-1.359219028193843e-02	-2.138219355898212e-03	-4.191324603746221e-03	3.156253527199315e+00	1.300752341808679e+00	2.789321993600435e+00	8.346200014232848e-04	6.675248786415989e-03	1.124750013676568e-02	3.730692995882017e+00
6.521906478657733e-01	5.137152238126935e+00	2.143245260461636e-01	-4.626921304553387e-04	-1.917351008521363e-03	5.629247998836324e+00	2.656619355718756e+00	4.998048842375089e+00	1.229648634827832e-03	1.125324406032217e-02	1.475758776881361e-02	5.489288745584539e+00
9.528885696137228e-01	7.332784291848164e+00	4.354703859599219e-01	3.368781833972760e-04	-7.553503408628132e-04	9.230482797415437e+00	4.805100816827256e+00	8.211627981962572e+00	3.552620259886813e-04	1.503985981936145e-02	1.916281786218685e-02	7.684920799305768e+00
1.253586491361673e+00	1.030328154021889e+01	6.713381170762057e-01	2.397542027599318e-04	-5.375783523626609e-04	1.422040143193811e+01	8.159893022861974e+00	1.278864050685675e+01	-3.899220012316971e-03	1.567408144189860e-02	2.646342600349563e-02	1.065541804767649e+01
1.554284413109622e+00	1.363934208682397e+01	8.872988492154512e-01	1.811124785756570e-04	-4.060915166625284e-04	2.048834485668826e+01	1.262610007356983e+01	1.864535697303388e+01	-9.527880501035865e-03	1.598274056648769e-02	3.432442269565728e-02	1.399147859428158e+01
1.854982334857572e+00	1.755365869093656e+01	1.103084036911394e+00	4.730715996445898e-04	5.618854376895248e-02	3.205204938425394e+01	2.255113467681824e+01	2.612760765926212e+01	-1.168717056080223e-02	7.619404287563062e-01	6.616046013786460e-02	1.790579519839416e+01
2.155680256605522e+00	2.206919950727578e+01	1.318453932479460e+00	9.707868912332211e-04	1.457680563223387e-01	4.970314649123027e+01	3.897932594664827e+01	3.547937748013918e+01	-9.637614353512991e-03	2.415906543871066e+00	1.263255145939965e-01	2.242133601473339e+01
2.456378178353471e+00	2.683857888634179e+01	1.520670020603724e+00	1.311799773035331e-03	2.071720979207005e-01	6.869875458389542e+01	5.730610079427883e+01	4.648443205012784e+01	-8.287928398608729e-03	3.956788408355818e+00	1.883434053250178e-01	2.719071539379940e+01
2.757076100101421e+00	3.165251426278111e+01	1.708711290132092e+00	1.430656077925302e-03	2.297912382813197e-01	8.632848773096914e+01	7.491623215704439e+01	5.916508792033355e+01	-1.163791825457757e-02	4.706089585589744e+00	2.367718914363915e-01	3.200465077023872e+01
3.057774021849370e+00	3.667204080566661e+01	1.893365758252826e+00	1.484912339337302e-03	2.513652422991651e-01	1.046418877252695e+02	9.463874331575909e+01	7.371503068065014e+01	-1.635389800183890e-02	5.626068128614599e+00	2.826270380389019e-01	3.702417731312422e+01
3.358471943597320e+00	4.178693355412847e+01	2.072700788745970e+00	1.525718135598547e-03	2.673707477553417e-01	1.234547802115687e+02	1.164081695801669e+02	9.022197950004687e+01	-2.119412684228870e-02	6.484760231119139e+00	3.294735862244766e-01	4.213907006158608e+01
3.659169865345270e+00	4.700220168357774e+01	2.248732151473285e+00	1.630222073530136e-03	2.810572174272978e-01	1.441791308724053e+02	1.419201155859672e+02	1.089704006488726e+02	-2.234195258254848e-02	7.390709648964220e+00	3.896422528998724e-01	4.735433819103535e+01
3.959867787093220e+00	5.239899425656673e+01	2.424969199926408e+00	1.727741968724492e-03	2.914740965879037e-01	1.661870611512048e+02	1.709712333220115e+02	1.304790199756581e+02	-2.274584583991969e-02	8.227063170703412e+00	4.539558112373110e-01	5.275113076402434e+01
4.260565708841169e+00	5.746916460933895e+01	2.586913210465216e+00	1.804244278986499e-03	2.797805187426674e-01	1.862009824501696e+02	1.990095720074933e+02	1.537982742778995e+02	-2.471378265375907e-02	7.100805907149037e+00	4.974735311720295e-01	5.782130111679655e+01
4.561263630589119e+00	6.246002079904370e+01	2.744673308666655e+00	1.739746822320621e-03	2.426153341807140e-01	2.029655775464288e+02	2.256691370347402e+02	1.798916018050029e+02	-4.140685530485130e-02	2.882353373071854e+00	5.135189468604254e-01	6.281215730650131e+01
4.861961552337069e+00	6.775835230654404e+01	2.910233636360955e+00	1.675244361886263e-03	2.031693848190260e-01	2.217729727824108e+02	2.578046014462535e+02	2.105524839891150e+02	-5.989574347801298e-02	-2.335847113188898e+00	5.308821470216225e-01	6.811048881400164e+01
5.162659474085018e+00	7.338617264916027e+01	3.082967102246664e+00	1.612823892630360e-03	1.618070904699181e-01	2.429959976880753e+02	2.962203227654819e+02	2.462972062545281e+02	-7.965285570751399e-02	-8.650267477703821e+00	5.500035794619542e-01	7.373830915661787e+01
5.463357395832968e+00	8.012197484830963e+01	3.283084962605540e+00	1.477234839273139e-03	1.042730433142867e-01	2.713509918253670e+02	3.487490524228986e+02	2.922935106904859e+02	-1.149672013623833e-01	-1.870278574735299e+01	5.753048187659215e-01	8.047411135576723e+01
5.764055317580918e+00	8.691831584647015e+01	3.477077682949105e+00	1.361726484051738e-03	5.704478615511648e-02	2.995983510108084e+02	4.046728850650535e+02	3.419969279450729e+02	-1.479831211379239e-01	-2.809266745620207e+01	6.000911728633779e-01	8.727045235392775e+01
6.064753239328867e+00	9.392682309498345e+01	3.670161429381659e+00	1.260122045707040e-03	1.306109852672318e-02	3.295445103564402e+02	4.668529676385641e+02	3.968824508099073e+02	-1.799223292324695e-01	-3.798690878039406e+01	6.231377689267366e-01	9.427895960244105e+01
6.365451161076817e+00	1.012095672437842e+02	3.864106587506303e+00	1.169447352542568e-03	-3.033122479923834e-02	3.620845125059213e+02	5.367893592575929e+02	4.579587495875181e+02	-2.154942596216280e-01	-4.897401265184764e+01	6.480098068372352e-01	1.015617037512418e+02
6.666149082824766e+00	1.122140201903020e+02	4.138893505768243e+00	1.011595914886445e-03	-1.495525930609841e-01	5.689287696918677e+02	6.667104138326210e+02	6.911521138762045e+02	-2.763403799627179e-01	-8.278677111321046e+01	6.981917130314760e-01	1.125661566977596e+02
6.966847004572716e+00	1.232914231497762e+02	4.392977526023727e+00	8.336278810926783e-04	-2.794647687894231e-01	8.761811736388923e+02	8.117835193888737e+02	1.015008778979228e+03	-3.468112985502136e-01	-1.240148085460995e+02	7.509250897072469e-01	1.236435596572338e+02
7.267544926320666e+00	1.354316604855593e+02	4.650656789145765e+00	7.594353173241426e-04	-4.125637343596932e-01	1.352116538447545e+03	9.753930465973103e+02	1.510439956733433e+03	-3.896958147667836e-01	-1.711888557973203e+02	7.910826620155088e-01	1.357837969930169e+02
7.568242848068615e+00	1.485202954805165e+02	4.907774638716945e+00	8.104539456162663e-04	-5.176574359087708e-01	1.910750844664556e+03	1.159933198261103e+03	2.088218985727648e+03	-3.892408199787267e-01	-2.127178048275510e+02	9.126388322684726e-01	1.488724319879741e+02
7.868940769816565e+00	1.623879239760289e+02	5.160652751905031e+00	9.482850411516045e-04	-5.913245862491279e-01	2.519471249313733e+03	1.366364456011298e+03	2.713458775132191e+03	-3.519286822295644e-01	-2.451194128636731e+02	1.110609709616890e+00	1.627400604834865e+02
8.169638691564513e+00	1.762447766843497e+02	5.397227564229572e+00	1.061240171604820e-03	-6.508064297683596e-01	3.126002396193797e+03	1.576525808645883e+03	3.341542401504959e+03	-3.197173726774246e-01	-2.741870434014944e+02	1.308747855235296e+00	1.765969131918073e+02
8.470336613312464e+00	1.905865340790316e+02	5.628480966482440e+00	1.858241011002612e-03	-6.860458762044225e-01	3.729864177622139e+03	1.803118894540248e+03	3.969854084523530e+03	8.869323930022543e-02	-2.932770170495093e+02	2.036410254516642e+00	1.909386705864892e+02
8.771034535060412e+00	2.053152784821402e+02	5.853918978825510e+00	2.805784949468695e-03	-7.049048536544630e-01	4.308859184723489e+03	2.040133116882671e+03	4.582432222878680e+03	6.369381174211559e-01	-3.045752872015378e+02	2.942606051256042e+00	2.056674149895978e+02
9.071732456808363e+00	2.196570587914438e+02	6.064015454811620e+00	3.595566815810560e-03	-7.161112540614032e-01	4.841682620392698e+03	2.277498031905594e+03	5.156038375958021e+03	1.139025402402625e+00	-3.119821931963132e+02	3.819758086657675e+00	2.200091952989014e+02
9.372430378556313e+00	2.321185579161608e+02	6.241630765050363e+00	3.545257313913816e-03	-7.401241523535105e-01	5.290213251697023e+03	2.485702793770964e+03	5.654985749632539e+03	1.084533195748339e+00	-3.294356632505446e+02	4.025834425504210e+00	2.324706944236184e+02
9.673128300304262e+00	2.441430277322301e+02	6.410638001996070e+00	3.508118016363305e-03	-7.540338465886579e-01	5.680054650955613e+03	2.696464145053864e+03	6.103752164031490e+03	1.038766796567309e+00	-3.405174801990250e+02	4.224518637357921e+00	2.444951642396877e+02
9.973826222052212e+00	2.551402776611472e+02	6.564221245531508e+00	3.427026327960007e-03	-7.694638582623559e-01	5.979398463482878e+03	2.890178037834165e+03	6.477008994429378e+03	9.542707752906975e-01	-3.539425910847094e+02	4.348318455203835e+00	2.554924141686048e+02
1.027452414380016e+01	2.648233525440714e+02	6.699885794964656e+00	3.300243284151658e-03	-7.896264727981948e-01	6.171584597142146e+03	3.057054258518447e+03	6.759536784736517e+03	8.208033296615806e-01	-3.730317181998967e+02	4.387174986824611e+00	2.651754890515290e+02
1.057522206554811e+01	2.738578003870826e+02	6.827731426388063e+00	3.191282894015441e-03	-8.021269002832048e-01	6.289538684378679e+03	3.220887305872899e+03	6.976408907069394e+03	6.943292714546995e-01	-3.858629967264454e+02	4.421682765027313e+00	2.742099368945402e+02
1.087591998729606e+01	2.819742419600341e+02	6.944255849691783e+00	3.116614065966848e-03	-8.091549432300155e-01	6.359459719471895e+03	3.377578085124028e+03	7.148309427453733e+03	5.961041100595418e-01	-3.936570369979706e+02	4.451322424950559e+00	2.823263784674917e+02
1.117661790904401e+01	2.894994159208652e+02	7.054270789309301e+00	3.052344892949728e-03	-8.102244490077177e-01	6.400807575802122e+03	3.531505380573761e+03	7.298600913615287e+03	5.036805448977489e-01	-3.949359098727012e+02	4.475107589374875e+00	2.898515524283228e+02
1.147731583079196e+01	2.963675621689968e+02	7.156772291108778e+00	2.997963853265322e-03	-8.077286511325974e-01	6.430394190281256e+03	3.681208078150385e+03	7.441243567769066e+03	4.212452348484509e-01	-3.917422623388945e+02	4.496041682141277e+00	2.967196986764544e+02
1.177801375253991e+01	3.028107455970836e+02	7.255102706506563e+00	2.950180687500162e-03	-8.041745792716070e-01	6.456671808864048e+03	3.832259541557090e+03	7.586056401449857e+03	3.435518719789664e-01	-3.868766676517082e+02	4.512449603533588e+00	3.031628821045412e+02
1.207871167428786e+01	3.088560867361055e+02	7.349516781487687e+00	2.906501711679641e-03	-7.997457179363916e-01	6.479979463739813e+03	3.984700118308345e+03	7.732961303433239e+03	2.679914828355576e-01	-3.804095163720587e+02	4.525591232054659e+00	3.092082232435631e+02
1.237940959603581e+01	3.147337400742256e+02	7.443450041661319e+00	2.859553772523472e-03	-7.938703917871381e-01	6.500910643022821e+03	4.143801952312851e+03	7.886865171206857e+03	1.843358802040249e-01	-3.712838794811169e+02	4.534642218439391e+00	3.150858765816832e+02
1.268010751778376e+01	3.202316840853333e+02	7.533356353372169e+00	2.817155481084766e-03	-7.875034558815220e-01	6.519446907881575e+03	4.303693434121597e+03	8.042075765056333e+03	1.043696087767163e-01	-3.607918635240018e+02	4.542276042769075e+00	3.205838205927909e+02
1.298080543953171e+01	3.253622212191020e+02	7.619255508216062e+00	2.779671875017931e-03	-7.807766436334610e-01	6.535844840016291e+03	4.463955477099097e+03	8.198097784469499e+03	2.943231003367579e-02	-3.490588189418595e+02	4.549798410243002e+00	3.257143577265596e+02
1.328150336127966e+01	3.301383246756243e+02	7.701171116073080e+00	2.746033994413289e-03	-7.738037786368362e-01	6.550334413597048e+03	4.624136747177319e+03	8.354409250308587e+03	-3.959019930636468e-02	-3.362141284448126e+02	4.557767074569297e+00	3.304904611830819e+02
1.358220128302761e+01	3.345729757563078e+02	7.779122172121343e+00	2.715988701408630e-03	-7.666844771260942e-01	6.563119766003675e+03	4.783742046154580e+03	8.510448660899734e+03	-1.045657516062851e-01	-3.223928189400954e+02	4.563131321221930e+00	3.349251122637654e+02
1.388289920477556e+01	3.386793674093211e+02	7.853128744327003e+00	2.688864202995044e-03	-7.595060472415990e-01	6.574397561539537e+03	4.942245879438107e+03	8.665643682218039e+03	-1.663750252984903e-01	-3.077343354705795e+02	4.566150140218459e+00	3.390315039167787e+02
1.418359712652351e+01	3.424698508041324e+02	7.923194869061046e+00	2.665190713429425e-03	-7.523460473960492e-01	6.584343685330852e+03	5.099058501804824e+03	8.819363395427439e+03	-2.232951785315981e-01	-2.923843178329190e+02	4.568276680403966e+00	3.428219873115900e+02
1.448429504827146e+01	3.459585888514493e+02	7.989358741169153e+00	2.645244030543703e-03	-7.452716517332670e-01	6.593116851302301e+03	5.253635068635685e+03	8.971029093972575e+03	-2.738544573795489e-01	-2.764892355447587e+02	4.570184492644954e+00	3.463107253589069e+02
1.478499297001941e+01	3.491575049280788e+02	8.051619077202998e+00	2.625288696973730e-03	-7.383434128949710e-01	6.600858371424980e+03	5.405318830591737e+03	9.119956469993069e+03	-3.260611110983219e-01	-2.602018014070935e+02	4.571921982201104e+00	3.495096414355364e+02
1.508569089176735e+01	3.522575212803652e+02	8.113521907748810e+00	2.607261886663334e-03	-7.317474123927570e-01	6.608152253977448e+03	5.562384090816682e+03	9.274368459865487e+03	-3.752754531340148e-01	-2.440028758073909e+02	4.574401878595662e+00	3.526096577878228e+02
1.538638881351531e+01	3.552646551096439e+02	8.175083010981611e+00	2.589476372589607e-03	-7.254685704941214e-01	6.615025561371123e+03	5.724868681020545e+03	9.434299967777113e+03	-4.251512584382779e-01	-2.279175911528753e+02	4.577368107769368e+00	3.556167916171015e+02
1.568708673526325e+01	3.581794282395867e+02	8.236213787573616e+00	2.574598063450099e-03	-7.194917373008457e-01	6.621493188667613e+03	5.892530397649991e+03	9.599501139804557e+03	-4.682934322617529e-01	-2.119675497395898e+02	4.580272903345485e+00	3.585315647470443e+02
1.598778465701120e+01	3.610036234624906e+02	8.296855698060536e+00	2.559207361356147e-03	-7.138025519617293e-01	6.627574418129598e+03	6.065178817209778e+03	9.769779205883788e+03	-5.144182597616226e-01	-1.961724630198904e+02	4.582455163086621e+00	3.613557599699482e+02
1.628848257875915e+01	3.637371893573206e+02	8.356914551882669e+00	2.544401305885036e-03	-7.083877007714108e-01	6.633289416911564e+03	6.242498336480063e+03	9.944818010270927e+03	-5.606337405515163e-01	-1.805512433616489e+02	4.584045519094154e+00	3.640893258647782e+02
1.658918050050710e+01	3.663848798164643e+02	8.416405249261404e+00	2.528483364692499e-03	-7.032349897505890e-01	6.638656213038470e+03	6.424465917843565e+03	1.012459263684934e+04	-6.116515988116283e-01	-1.651226483166532e+02	4.585130537288322e+00	3.667370163239219e+02
1.688987842225505e+01	3.689465760427569e+02	8.475238873586283e+00	2.512372023812968e-03	-6.983327111519068e-01	6.643691542733627e+03	6.610737634162359e+03	1.030875690641390e+04	-6.648751140975887e-01	-1.499037803838644e+02	4.586045549970261e+00	3.692987125502145e+02
1.719057634400300e+01	3.714231736671721e+02	8.533351521383945e+00	2.495723413190199e-03	-6.936700810564886e-01	6.648412395715471e+03	6.801017517826372e+03	1.049701291195677e+04	-7.214600278888459e-01	-1.349116805276233e+02	4.587287285421684e+00	3.717753101746297e+02
1.749127426575095e+01	3.734605639598358e+02	8.582220897706547e+00	2.495087234398853e-03	-6.898742650342148e-01	6.652577070807427e+03	6.966597699022392e+03	1.066086859621561e+04	-7.269844753752068e-01	-1.222828380739591e+02	4.590674506707364e+00	3.738127004672934e+02
1.779197218749890e+01	3.754096823754178e+02	8.630037714066418e+00	2.495044493061074e-03	-6.862809705597913e-01	6.656462331230241e+03	7.133865949569341e+03	1.082648890139582e+04	-7.308825796023000e-01	-1.099243629942115e+02	4.594418366236943e+00	3.757618188828754e+02
1.809267010924685e+01	3.772720143831583e+02	8.676748210777498e+00	2.495576135317059e-03	-6.828818477205747e-01	6.660082186258717e+03	7.302429975892588e+03	1.099348025010953e+04	-7.327829010000215e-01	-9.785003887751716e+01	4.598270361059766e+00	3.776241508906159e+02
1.839336803099480e+01	3.790490454522975e+02	8.722300984263414e+00	2.496664275867993e-03	-6.796690361399310e-01	6.663450716052170e+03	7.471884651044960e+03	1.116143656350816e+04	-7.324645901337009e-01	-8.607307328375248e+01	4.602355211942053e+00	3.794011819597551e+02
1.869406595274275e+01	3.807422610520760e+02	8.766646857388448e+00	2.498292106894649e-03	-6.766351278094057e-01	6.666581239681769e+03	7.641812267950077e+03	1.132993925912853e+04	-7.295756820571522e-01	-7.460605405675142e+01	4.606728551136826e+00	3.810943975595336e+02
1.899476387449070e+01	3.823531466517339e+02	8.809738764853442e+00	2.500443814533195e-03	-6.737731330903770e-01	6.669485759935790e+03	7.811783492359548e+03	1.149855684106990e+04	-7.236510952447248e-01	-6.346104974624786e+01	4.611834327683299e+00	3.827052831591915e+02
1.929546179623865e+01	3.838831877205117e+02	8.851531652343812e+00	2.503104502136281e-03	-6.710764495660874e-01	6.672174690613834e+03	7.981357284930829e+03	1.166684582412541e+04	-7.149152092316305e-01	-5.264975980944909e+01	4.616734907012471e+00	3.842353242279693e+02
1.959615971798660e+01	3.853338697276495e+02	8.891982388271160e+00	2.506260119633994e-03	-6.685388334608616e-01	6.674658196722550e+03	8.150082225578738e+03	1.183435189418638e+04	-7.038604522392011e-01	-4.218328103976760e+01	4.620924018041025e+00	3.856860062351071e+02
1.989685763973455e+01	3.867066781423877e+02	8.931049687085146e+00	2.509897398384929e-03	-6.661543733747463e-01	6.676948482098311e+03	8.317496779705318e+03	1.200061310467459e+04	-6.903881337213718e-01	-3.207219695512406e+01	4.624659018587084e+00	3.870588146498453e+02
2.019755556148250e+01	3.880030984339667e+02	8.968694043250636e+00	2.514003790974042e-03	-6.639174661093649e-01	6.679056297410170e+03	8.483129834231560e+03	1.216515705868498e+04	-6.742864521746427e-01	-2.232668002144797e+01	4.627940721052976e+00	3.883552349414243e+02
2.049825348323045e+01	3.892246160716267e+02	9.004877675089050e+00	2.518567415472199e-03	-6.618227943849960e-01	6.680992180368879e+03	8.646501379628164e+03	1.232750271696640e+04	-6.556267070988447e-01	-1.295645171973313e+01	4.630889081714155e+00	3.895767525790843e+02
2.079895140497840e+01	3.903727165246079e+02	9.039564477774267e+00	2.523577003723786e-03	-6.598653062702011e-01	6.682766722541356e+03	8.807123179779686e+03	1.248716128867371e+04	-6.342853777739665e-01	-3.970858262939498e+00	4.633793634796660e+00	3.907248530320655e+02
2.109964932672635e+01	3.914476421017682e+02	9.072681789702008e+00	2.529029884947730e-03	-6.580422859697866e-01	6.684383843860560e+03	8.964313256330131e+03	1.264345667670590e+04	-6.103303723281832e-01	4.611549291238021e+00	4.636647349785157e+00	3.917997786092258e+02
2.140034724847430e+01	3.924506839591678e+02	9.104189352217691e+00	2.534917126902526e-03	-6.563494494253964e-01	6.685851967324917e+03	9.117523115855560e+03	1.279584075913536e+04	-5.837095043662331e-01	1.278030251735413e+01	4.639554977211353e+00	3.928028204666254e+02
2.170104517022225e+01	3.935474752900641e+02	9.139295973718832e+00	2.535214301344752e-03	-6.543363233679668e-01	6.687383410164733e+03	9.292337881222613e+03	1.296970808321408e+04	-5.835340368689009e-01	2.273226788426726e+01	4.639475754867522e+00	3.938996117975217e+02
2.200174309197020e+01	3.945762434992588e+02	9.172831892076092e+00	2.535775292945781e-03	-6.524468337191576e-01	6.688783632231631e+03	9.463257192022902e+03	1.313974428975984e+04	-5.819592221932514e-01	3.229663242377404e+01	4.639528320445907e+00	3.949283800067164e+02
2.230244101371814e+01	3.955391392780890e+02	9.204794456448340e+00	2.536017597647075e-03	-6.506754879977851e-01	6.690061983718851e+03	9.629911345405671e+03	1.330557732238055e+04	-5.818620046253593e-01	4.147315577527604e+01	4.639549357164624e+00	3.958912757855466e+02
2.260313893546610e+01	3.962882121325071e+02	9.230120307271324e+00	2.538888625738350e-03	-6.494657804114644e-01	6.691025780855283e+03	9.764911096292191e+03	1.344000181012142e+04	-5.677520497402903e-01	4.788392470690481e+01	4.643432041408747e+00	3.966403486399647e+02
2.290383685721405e+01	3.971419031391891e+02	9.259513148354912e+00	2.542457874027279e-03	-6.481064460011288e-01	6.692090565205233e+03	9.924957089573241e+03	1.359959666108529e+04	-5.488764158850403e-01	5.524972422378919e+01	4.646968443513510e+00	3.974940396466467e+02
2.320453477896200e+01	3.984547374783909e+02	9.305459404066241e+00	2.541897196514816e-03	-6.461032418146248e-01	6.696221230615220e+03	1.018034790175409e+04	1.385730071033890e+04	-5.529009607927770e-01	6.634358804581782e+01	4.650048423489687e+00	3.988068739858485e+02
2.350523270070994e+01	4.002699756325759e+02	9.369855866049454e+00	2.538658448355047e-03	-6.434603833610497e-01	6.709517212232329e+03	1.054583215629976e+04	1.423388693199134e+04	-5.730375019579308e-01	8.129643508135800e+01	4.653190742414050e+00	4.006221121400335e+02
2.380593062245789e+01	4.022965537368574e+02	9.442577923301389e+00	2.533882122900951e-03	-6.407027708501005e-01	6.726869105012386e+03	1.096727287168742e+04	1.467029815622195e+04	-6.027270979205399e-01	9.723045458651100e+01	4.656304917365821e+00	4.026486902443150e+02
2.410662854420584e+01	4.043963709911792e+02	9.518720610824902e+00	2.528722327523560e-03	-6.380879237895878e-01	6.745747867416544e+03	1.141776362604005e+04	1.513714193473968e+04	-6.354523687442968e-01	1.126558235772713e+02	4.659429988668206e+00	4.047485074986367e+02
2.440732646595379e+01	4.064847238806704e+02	9.595212201360495e+00	2.523706840864023e-03	-6.357723029222215e-01	6.764850920938604e+03	1.187969574291754e+04	1.561548770543098e+04	-6.678792141732710e-01	1.265975672090056e+02	4.662511687123861e+00	4.068368603881279e+02
2.470802438770174e+01	4.084954607740158e+02	9.669601985197252e+00	2.519549465774037e-03	-6.338702952984915e-01	6.783347237214785e+03	1.233817026964461e+04	1.608955707102106e+04	-6.955996003945146e-01	1.382815156919475e+02	4.665766300344949e+00	4.088475972814734e+02
2.500872230944969e+01	4.103877507274079e+02	9.740330371295535e+00	2.515321693334761e-03	-6.324446039471369e-01	6.800676643916609e+03	1.278298411675218e+04	1.654850654330709e+04	-7.241076952653543e-01	1.472145636249354e+02	4.668950729159608e+00	4.107398872348655e+02
2.530942023119764e+01	4.121106278242027e+02	9.805418788158708e+00	2.510677393793507e-03	-6.315592826247040e-01	6.816290136284348e+03	1.320067016199091e+04	1.697824604419151e+04	-7.549565202042247e-01	1.528710622986319e+02	4.672805349176799e+00	4.124627643316603e+02
2.561011815294559e+01	4.136290336563852e+02	9.863436832683405e+00	2.507940500646020e-03	-6.312534069029111e-01	6.829842286315486e+03	1.358058963476282e+04	1.736771199618276e+04	-7.734640352631476e-01	1.548631915200496e+02	4.676879720011091e+00	4.139811701638427e+02
2.591081607469354e+01	4.149123164190926e+02	9.913069789703412e+00	2.505963170440414e-03	-6.315442930008746e-01	6.841063725002192e+03	1.391232365758186e+04	1.770614134172305e+04	-7.872257757421840e-01	1.529322474707023e+02	4.680991189236696e+00	4.152644529265501e+02
2.621151399644149e+01	4.159220069191408e+02	9.952635823737067e+00	2.509589419070933e-03	-6.324386774376769e-01	6.849688892827397e+03	1.418245526523830e+04	1.797979763604125e+04	-7.630573608976916e-01	1.468840351213928e+02	4.684897237956017e+00	4.162741434265983e+02
2.651221191818944e+01	4.166281655149137e+02	9.980703266049812e+00	2.511756462336335e-03	-6.339510569533849e-01	6.855436427764128e+03	1.437862712077040e+04	1.817602849542729e+04	-7.480681458019413e-01	1.364675323276373e+02	4.687505174859408e+00	4.169803020223712e+02
2.681290983993739e+01	4.170285517452944e+02	9.996863751251370e+00	2.512108139623131e-03	-6.360309301043980e-01	6.858753510789591e+03	1.449510928694321e+04	1.828953807183680e+04	-7.455709741330648e-01	1.218818598648307e+02	4.689966094581300e+00	4.173806882527519e+02
2.711360776168534e+01	4.173011229296497e+02	1.000804400198848e+01	2.510477055660184e-03	-6.381152926583246e-01	6.861879631887441e+03	1.457804496713800e+04	1.836935186416496e+04	-7.571437250983062e-01	1.070033114576864e+02	4.692097301731151e+00	4.176532594371072e+02
2.741430568343329e+01	4.175180481492072e+02	1.001708758023297e+01	2.509172714952262e-03	-6.399256081330710e-01	6.864721407843806e+03	1.464657878162951e+04	1.843504681849398e+04	-7.665762300442476e-01	9.385381066865952e+01	4.693922567268704e+00	4.178701846566648e+02
2.771500360518124e+01	4.176810851555186e+02	1.002399575814479e+01	2.508193288250160e-03	-6.413870141610459e-01	6.867119067877330e+03	1.470002454151567e+04	1.848609666855011e+04	-7.737777211378098e-01	8.305519707503881e+01	4.695411120741356e+00	4.180332216629762e+02
2.801570152692919e+01	4.177949102960409e+02	1.002889746562590e+01	2.507509949496009e-03	-6.424731441546407e-01	6.868980567470329e+03	1.473872305601553e+04	1.852293459756624e+04	-7.788845515069758e-01	7.489315141323020e+01	4.696531526746447e+00	4.181470468034985e+02
2.831639944867714e+01	4.178664465512202e+02	1.003202817741013e+01	2.507080678677325e-03	-6.431953042237983e-01	6.870273422203530e+03	1.476393702962927e+04	1.854685611252828e+04	-7.821511366463064e-01	6.937553847265961e+01	4.697273023850344e+00	4.182185830586777e+02
2.861709737042509e+01	4.179042906410928e+02	1.003371118245358e+01	2.506853645386099e-03	-6.435976081786783e-01	6.871025689696133e+03	1.477776029285504e+04	1.855992723547967e+04	-7.839091402402368e-01	6.625121310155984e+01	4.697683353693858e+00	4.182564271485503e+02
2.891779529217304e+01	4.179184161001185e+02	1.003434945620763e+01	2.506768914833227e-03	-6.437551580427583e-01	6.871333335703211e+03	1.478310528657479e+04	1.856496460068266e+04	-7.845758404023666e-01	6.500786703325564e+01	4.697847384140990e+00	4.182705526075761e+02
2.921849321392099e+01	4.179200461819381e+02	1.003442428325708e+01	2.506759137272971e-03	-6.437741754150651e-01	6.871372097202302e+03	1.478374399753292e+04	1.856556455045269e+04	-7.846540916372231e-01	6.485539683206734e+01	4.697867326055045e+00	4.182721826893957e+02
