WARNING: 1 open meshes merged
     Merged: wing
...Mass Properties...
10 Num Comps
10 Total Num Meshes
20872 Total Num Tris

5.111006228678679e+02             Total Mass
2.333666454961658e+01 -3.799124025147917e-04 1.173886625121415e+00       Center of Gravity
2.163596111346792e+03 5.317751120640643e+04 5.395349220735671e+04       Ixx, Iyy, Izz
3.662893421170963e+00 2.820804775551110e+02 3.606240515694024e-01       Ixy, Ixz, Iyz
5.111006228678679e+02             Volume

Name	Mass	cgX	cgY	cgZ	Ixx	Iyy	Izz	Ixy	Ixz	Iyz	Volume
FuselageGeom	2.713789788742736e+02	1.899949133613008e+01	5.989478092473026e-07	9.011662260458483e-01	3.909887045323141e+02	2.063739602042313e+04	2.057567285974962e+04	-2.166640275551319e-01	4.899954860363040e+02	1.885477595928704e-01	2.713789788742736e+02
Canopy_Dorsal	6.118963886256091e+01	1.957569213186325e+01	4.909607464635172e-07	3.046521002585528e+00	4.350907754366324e+01	3.407472862591551e+03	3.423658861318798e+03	-4.926765430523493e-02	-4.653366105950672e+01	4.260419634313072e-02	6.118963886256091e+01
wing	2.723571042887698e+01	2.873755848022201e+01	-2.168601159580780e-06	2.796488518073856e-01	8.213020854759457e+02	9.917408426974673e+01	9.201155380973452e+02	-1.364005049531858e-02	1.023965024637482e-02	1.512777494347854e-02	2.723571042887698e+01
tail	3.847844096926828e+00	3.972591631794737e+01	2.030744896253189e+00	-5.897699674150472e-02	8.052606451305971e+00	7.002639219642786e+00	1.458905953455870e+01	1.144253299022765e+00	-3.752445278159455e-01	-1.287252544250782e+00	3.847844096926828e+00
tail	3.835056041816751e+00	3.972050905683968e+01	-2.037525719159383e+00	-5.968825924028080e-02	8.001133117091475e+00	6.958577809451919e+00	1.449428493209340e+01	-1.189076679211494e+00	-3.800638413325612e-01	1.286023888316923e+00	3.835056041816751e+00
inlet_afterbody	3.867228111955054e+01	2.941337225106242e+01	1.717961020808191e+00	8.525596107410930e-01	3.154855264495691e+01	3.358322210895195e+03	3.357392644866412e+03	-4.103607183199384e+01	5.354870386235627e+00	-1.255489508776322e+00	3.867228111955054e+01
inlet_afterbody	3.862110305327668e+01	2.926518531404477e+01	-1.719340731529762e+00	8.551960171847133e-01	3.150174814957986e+01	3.463396496894937e+03	3.462403943431339e+03	3.776394723548805e+01	5.382230752551076e+00	1.348413119427506e+00	3.862110305327668e+01
fin	8.748240370622213e+00	3.756729764967027e+01	-3.010931446946800e-07	4.720310224584756e+00	2.231190816260544e+01	4.273422172263403e+01	2.064031100221237e+01	-2.824957389197887e-03	2.155443658973289e+00	5.356755827179867e-03	8.748240370622213e+00
inlet_afterbody_CDo	2.867961175091913e+01	3.280373160476116e+01	1.513277837170140e+00	9.490816374992838e-01	1.273120372522013e+01	1.601744282747936e+03	1.605224047637266e+03	-8.500361122646692e+01	2.710606339906111e+01	-1.416150146001215e+00	2.867961175091913e+01
inlet_afterbody_CDo	2.889215826976683e+01	3.282663695572460e+01	-1.510068067625079e+00	9.458539588206707e-01	1.287390463212738e+01	1.606769149383078e+03	1.610225079887562e+03	8.534124575937447e+01	2.665678643651268e+01	1.421700296280836e+00	2.889215826976683e+01
Name	Mass	cgX	cgY	cgZ	Ixx	Iyy	Izz	Ixy	Ixz	Iyz	Volume
Totals	5.111006228678679e+02	2.333666454961658e+01	-3.799124025147917e-04	1.173886625121415e+00	2.163596111346792e+03	5.317751120640643e+04	5.395349220735671e+04	3.662893421170963e+00	2.820804775551110e+02	3.606240515694024e-01	5.111006228678679e+02

...Filling Mass Properties (Volume Only -- No Shell or Point Mass)...
150 Num Slice

Slice	Mass	cgX	cgY	cgZ	Ixx	Iyy	Izz	Ixy	Ixz	Iyz	Volume
1.442493333333335e-01	2.567558230436917e-01	1.442493333333339e-01	-4.688736425624634e-02	1.000450239296817e+00	3.660151953460815e-01	7.668518649340961e-02	2.982342452369096e-01	-2.545934805698378e-04	-4.806211891271015e-05	2.651031173036939e-03	2.567558230436917e-01
4.327480000000005e-01	5.807062792350963e-01	3.051900326493165e-01	-4.146193774869835e-02	8.872063962771727e-01	7.925080509145772e-01	2.249561536670246e-01	6.115336155692745e-01	-1.452832542943437e-04	-8.492178391533118e-03	2.623729507264372e-03	5.807062792350963e-01
7.212466666666675e-01	9.784735384945769e-01	4.743246085975069e-01	-3.691036086213545e-02	7.955563649578812e-01	1.266799160587510e+00	4.460915399779602e-01	9.602119148749836e-01	5.879461486370269e-04	-3.070742396746310e-02	7.010126597213947e-04	9.784735384945769e-01
1.009745333333335e+00	1.467570610313825e+00	6.527642058606542e-01	-3.292833147831109e-02	7.161175277770773e-01	1.790959236712829e+00	7.604991503972504e-01	1.373893390780173e+00	2.240799879148720e-03	-7.241341122195435e-02	-2.709089700908573e-03	1.467570610313825e+00
1.298244000000002e+00	2.031768720049637e+00	8.320062997723955e-01	-2.969508369626285e-02	6.564944068926751e-01	2.350200032588861e+00	1.174918217952750e+00	1.877868861180316e+00	4.808302177619526e-03	-1.289882034548684e-01	-6.853843284843232e-03	2.031768720049637e+00
1.586742666666668e+00	2.664052320772123e+00	1.011134698991595e+00	-2.680494662931236e-02	6.087648097514827e-01	2.949460464830121e+00	1.719408128028777e+00	2.503935636985093e+00	8.687772475261370e-03	-2.022924968292990e-01	-1.163565156833344e-02	2.664052320772123e+00
1.875241333333336e+00	3.363346489119865e+00	1.190796453193994e+00	-2.444453818369314e-02	5.713768271972700e-01	3.585344748112020e+00	2.422098043356591e+00	3.288553177082085e+00	1.348884989114699e-02	-2.884886167714788e-01	-1.682396024124152e-02	3.363346489119865e+00
2.163740000000003e+00	4.138396379031479e+00	1.373011910529826e+00	-2.225942901995421e-02	5.409055992685784e-01	4.267539216427002e+00	3.330227639727049e+00	4.282040752975679e+00	1.995518206884042e-02	-3.883394573867615e-01	-2.218123781495797e-02	4.138396379031479e+00
2.452238666666670e+00	4.988162603733914e+00	1.556865268773147e+00	-2.046940754066683e-02	5.154378400897337e-01	5.002409404608179e+00	4.489728164270285e+00	5.529156903315376e+00	2.717297979479108e-02	-5.022416039189594e-01	-2.750194017484496e-02	4.988162603733914e+00
2.740737333333337e+00	5.915255903416277e+00	1.742412585179343e+00	-1.892276628242302e-02	4.936085852997811e-01	5.798865565805275e+00	5.954449829441907e+00	7.084485133472629e+00	3.546481390897273e-02	-6.313179943792027e-01	-3.308457056783539e-02	5.915255903416277e+00
3.029236000000004e+00	6.920818406901145e+00	1.929382001001562e+00	-1.763860155517157e-02	4.748704647275567e-01	6.663717961713346e+00	7.780088149959860e+00	9.004953077748391e+00	4.433898064011333e-02	-7.741350106189788e-01	-3.863919435153144e-02	6.920818406901145e+00
3.317734666666671e+00	8.005739183838569e+00	2.117528606593868e+00	-1.652337307968707e-02	4.588181770996327e-01	7.604120024610824e+00	1.002704463046893e+01	1.135165060145107e+01	5.408369394784124e-02	-9.285691119830027e-01	-4.414015741749171e-02	8.005739183838569e+00
3.606233333333338e+00	9.174183082060654e+00	2.307133276421588e+00	-1.529314834206292e-02	4.455840082594744e-01	8.629206243871549e+00	1.276526002754223e+01	1.419852864182022e+01	6.767887048242006e-02	-1.086512389262619e+00	-4.963993301694669e-02	9.174183082060654e+00
3.894732000000005e+00	1.042060497684288e+01	2.497027991132864e+00	-1.409847378663486e-02	4.354997144757694e-01	9.736838466767830e+00	1.604737155419153e+01	1.759887814913052e+01	8.393022858856479e-02	-1.233622225415117e+00	-5.506472777230324e-02	1.042060497684288e+01
4.183230666666672e+00	1.174874384599902e+01	2.687645077010872e+00	-1.301462279222366e-02	4.279743178740339e-01	1.094005815433010e+01	1.995542341543650e+01	2.163886724416456e+01	1.017729882871706e-01	-1.366092003842913e+00	-6.046719877192507e-02	1.174874384599902e+01
4.471729333333339e+00	1.315387024221715e+01	2.878225023100836e+00	-1.213522017229630e-02	4.229679504525278e-01	1.223980254324161e+01	2.455246268822311e+01	2.637969864076321e+01	1.189257897597808e-01	-1.471286576550775e+00	-6.552930222191453e-02	1.315387024221715e+01
4.760228000000006e+00	1.463878345614699e+01	3.069129622340576e+00	-1.132922575717190e-02	4.201021272811776e-01	1.364846053312150e+01	2.992909519760453e+01	3.191514514797665e+01	1.375286826254987e-01	-1.542500402522519e+00	-6.988695227881214e-02	1.463878345614699e+01
5.048726666666673e+00	1.619890096117884e+01	3.259784779080170e+00	-1.058606755825533e-02	4.188198903846351e-01	1.516796805498972e+01	3.615466647704317e+01	3.831313649697510e+01	1.576076746545161e-01	-1.579951558431357e+00	-7.459153676300982e-02	1.619890096117884e+01
5.337225333333340e+00	1.783242375498830e+01	3.450086812319378e+00	-9.749127153023816e-03	4.189375128996981e-01	1.680244456351471e+01	4.331536778151930e+01	4.565174655708602e+01	1.842471997881349e-01	-1.576299824436233e+00	-7.887040839887513e-02	1.783242375498830e+01
5.625724000000007e+00	1.954344953550754e+01	3.640563488937539e+00	-8.990261039160768e-03	4.201817773047704e-01	1.856698747878721e+01	5.152032369726013e+01	5.405047471739226e+01	2.120991052787197e-01	-1.528334468058961e+00	-8.244236244222863e-02	1.954344953550754e+01
5.914222666666674e+00	2.131875173845855e+01	3.829900660105089e+00	-8.312338526159582e-03	4.215502011856699e-01	2.044627029395269e+01	6.080308646776803e+01	6.353501056219122e+01	2.405864554180757e-01	-1.467862010479001e+00	-8.525722902327409e-02	2.131875173845855e+01
6.202721333333341e+00	2.316154356035254e+01	4.018688359856323e+00	-7.699931034048189e-03	4.231330473943232e-01	2.245108188806498e+01	7.128333810582862e+01	7.422334677383506e+01	2.698800000933034e-01	-1.388134282803863e+00	-8.764612506086625e-02	2.316154356035254e+01
6.491220000000008e+00	2.507141688929719e+01	4.207039192014448e+00	-7.205207118316424e-03	4.250193183123227e-01	2.458526432801885e+01	8.306324027696424e+01	8.621667983452359e+01	2.964689148950793e-01	-1.280469991667074e+00	-9.086207554897860e-02	2.507141688929719e+01
6.779718666666675e+00	2.705521230545432e+01	4.395678249488354e+00	-6.769080316070224e-03	4.277213987122318e-01	2.686625204646080e+01	9.630656926832361e+01	9.965784607273395e+01	3.227690096767855e-01	-1.106553516936201e+00	-9.266547264262442e-02	2.705521230545432e+01
7.068217333333342e+00	2.914191425846700e+01	4.587044968788318e+00	-6.325395293620162e-03	4.324016040113454e-01	2.936682183604193e+01	1.113648912082077e+02	1.148464272900675e+02	3.529533819895182e-01	-7.685260882431748e-01	-9.393079500529380e-02	2.914191425846700e+01
7.356716000000009e+00	3.135507495333039e+01	4.782538906312109e+00	-5.928778742116996e-03	4.407590816436628e-01	3.217500468696227e+01	1.285934101714065e+02	1.320608491090973e+02	3.829908309562499e-01	-9.436330806615216e-02	-9.472118062837165e-02	3.135507495333039e+01
7.645214666666676e+00	3.371471343908117e+01	4.982892971565073e+00	-5.594833059299574e-03	4.534675021530337e-01	3.539944418191507e+01	1.483532711253933e+02	1.515745859939222e+02	4.108822265292722e-01	1.045918330340150e+00	-9.623585122488261e-02	3.371471343908117e+01
7.933713333333343e+00	3.620827765258228e+01	5.186107831028361e+00	-5.274878887600758e-03	4.692297722449280e-01	3.904216724329753e+01	1.706669185414744e+02	1.734242304910622e+02	4.405561865116313e-01	2.613606739529468e+00	-9.648804015164211e-02	3.620827765258228e+01
8.222212000000010e+00	3.881291992548321e+01	5.389853523921831e+00	-4.894364048784317e-03	4.871426285119656e-01	4.306291672514545e+01	1.954531222659259e+02	1.975454895637107e+02	4.801590136735300e-01	4.582348104683309e+00	-9.210243999527570e-02	3.881291992548321e+01
8.510710666666677e+00	4.153685797703033e+01	5.594515646638690e+00	-4.611287550031711e-03	5.072449317149665e-01	4.751957165618669e+01	2.229731627982204e+02	2.241578428148310e+02	5.120941719752936e-01	7.016856761248178e+00	-8.808152578597742e-02	4.153685797703033e+01
8.799209333333343e+00	4.438855913524252e+01	5.800398173039745e+00	-4.403931044293371e-03	5.294990819503771e-01	5.247579058944800e+01	2.534992827607176e+02	2.534980811482174e+02	5.372352801261910e-01	9.978673046915702e+00	-8.361084237764624e-02	4.438855913524252e+01
9.087708000000010e+00	4.736143505830733e+01	6.006742516791063e+00	-4.240083491536180e-03	5.537478174827138e-01	5.795480884243793e+01	2.871538042749397e+02	2.856447751553924e+02	5.585663366518056e-01	1.351649942819305e+01	-8.059520366027387e-02	4.736143505830733e+01
9.376206666666677e+00	5.046241214877977e+01	6.213800219564509e+00	-3.954520777071563e-03	5.799413523614108e-01	6.402154207163323e+01	3.242179851142889e+02	3.208405056950562e+02	6.014622817075520e-01	1.769598611187980e+01	-7.153975549843117e-02	5.046241214877977e+01
9.664705333333345e+00	5.365727189621983e+01	6.419273913075062e+00	-3.729153857422100e-03	6.066398372403456e-01	7.053459102353902e+01	3.643904638291571e+02	3.588546603126725e+02	6.379257833492112e-01	2.234472194128742e+01	-6.469287119942838e-02	5.365727189621983e+01
9.953204000000012e+00	5.692583149079118e+01	6.622184626711870e+00	-3.508448006208520e-03	6.331679181349404e-01	7.740917884174668e+01	4.075628948749825e+02	3.996224541768398e+02	6.769093602411904e-01	2.737441813777026e+01	-5.631684423189284e-02	5.692583149079118e+01
1.024170266666668e+01	6.026995949133446e+01	6.823016545764858e+00	-3.342430824869244e-03	6.595926052745622e-01	8.466768096698409e+01	4.539622137319501e+02	4.433580646705024e+02	7.081581028648986e-01	3.281847268657969e+01	-4.912497062208783e-02	6.026995949133446e+01
1.053020133333334e+01	6.369254450416057e+01	7.022225969607018e+00	-3.191677298090789e-03	6.859799130711919e-01	9.233679366975261e+01	5.038339401082060e+02	4.902936164644073e+02	7.388193348380652e-01	3.871363588973606e+01	-4.185341072728646e-02	6.369254450416057e+01
1.081870000000001e+01	6.718897107497277e+01	7.219789534919805e+00	-3.042338787287491e-03	7.123994594806112e-01	1.004213268234840e+02	5.573243507667546e+02	5.405535363633873e+02	7.718521831562766e-01	4.510143924991439e+01	-3.433103790244059e-02	6.718897107497277e+01
1.110719866666668e+01	7.075985549942430e+01	7.415966994894135e+00	-2.904930599283748e-03	7.389070139327011e-01	1.089421934181863e+02	6.146573246205080e+02	5.943448482328939e+02	8.045969233795164e-01	5.202433539136921e+01	-2.666384473717125e-02	7.075985549942430e+01
1.139569733333335e+01	7.440774090863555e+01	7.611075730314750e+00	-2.777996970129323e-03	7.655436039185769e-01	1.179267821849373e+02	6.760909206172807e+02	6.519095958201431e+02	8.371313931765291e-01	5.952468368307547e+01	-1.885664226726128e-02	7.440774090863555e+01
1.168419600000001e+01	7.810568361845816e+01	7.803919127999999e+00	-2.661365303757240e-03	7.914403458699352e-01	1.271949867674877e+02	7.412678400047928e+02	7.130198690142205e+02	8.691964328249614e-01	6.737258466832509e+01	-1.111818615537896e-02	7.810568361845816e+01
1.197269466666668e+01	8.184399135046317e+01	7.994332200139438e+00	-2.559159430629499e-03	8.164187665911233e-01	1.366870397496195e+02	8.101901495905362e+02	7.777181769278362e+02	8.991641998152534e-01	7.550501866348861e+01	-3.474928879732689e-03	8.184399135046317e+01
1.226119333333335e+01	8.562127722355592e+01	8.182569923325724e+00	-2.477492537925426e-03	8.406269054043347e-01	1.464059093269808e+02	8.830440706898422e+02	8.461857263678877e+02	9.243256028334482e-01	8.395823502044998e+01	3.565722304409650e-03	8.562127722355592e+01
1.254969200000001e+01	8.943790362661819e+01	8.368930210713661e+00	-2.386027261093838e-03	8.641604906039840e-01	1.563599984185920e+02	9.600488648875786e+02	9.186345253678595e+02	9.551182684504342e-01	9.275719600001062e+01	1.072664598796031e-02	8.943790362661819e+01
1.283819066666668e+01	9.329486899726949e+01	8.553696886483873e+00	-2.295817260153360e-03	8.870988225895532e-01	1.665592535188674e+02	1.041435859868775e+03	9.952908906874253e+02	9.877324860362204e-01	1.019254436052013e+02	1.780278980248173e-02	9.329486899726949e+01
1.312668933333335e+01	9.719296163535522e+01	8.737104695970878e+00	-2.211962533785268e-03	9.095091664913562e-01	1.770130150235934e+02	1.127434164245809e+03	1.076378549476307e+03	1.020019108454010e+00	1.114858122089067e+02	2.487009672406902e-02	9.719296163535522e+01
1.341518800000001e+01	1.011326219778765e+02	8.919341237568057e+00	-2.134334556593603e-03	9.314496121126455e-01	1.877294788891042e+02	1.218267905031448e+03	1.162115343742259e+03	1.051794734543675e+00	1.214609156603421e+02	3.191526927372520e-02	1.011326219778765e+02
1.370368666666668e+01	1.050949128956727e+02	9.099720743283495e+00	-2.048790677612630e-03	9.525020554926558e-01	1.985619399940221e+02	1.313617234473410e+03	1.252290360225809e+03	1.089648753789921e+00	1.316464865978838e+02	3.924415506660241e-02	1.050949128956727e+02
1.399218533333335e+01	1.090684016997120e+02	9.277958921984004e+00	-1.961569990045511e-03	9.724719610407950e-01	2.094193362433642e+02	1.413350094156285e+03	1.346843264522133e+03	1.130926392672021e+00	1.419137513341508e+02	4.669137691230397e-02	1.090684016997120e+02
1.428068400000002e+01	1.130527474810113e+02	9.454271192174074e+00	-1.880687429456564e-03	9.914776324003548e-01	2.203052591101653e+02	1.517659771520399e+03	1.445963468402967e+03	1.171492065605846e+00	1.522832745809812e+02	5.387056579208232e-02	1.130527474810113e+02
1.456918266666668e+01	1.170483871670214e+02	9.628877128851812e+00	-1.808291531495073e-03	1.009612782707245e+00	2.312256153916611e+02	1.626757252607114e+03	1.549858351865594e+03	1.209773805325511e+00	1.627692973619452e+02	6.087150028872791e-02	1.170483871670214e+02
1.485768133333335e+01	1.210550833842769e+02	9.801940741227057e+00	-1.746904105071242e-03	1.026959125529143e+00	2.421836698044879e+02	1.740835208429238e+03	1.658715258535733e+03	1.243742984892350e+00	1.733849371021417e+02	6.745506474485106e-02	1.210550833842769e+02
1.514618000000002e+01	1.250736135655309e+02	9.973647515701678e+00	-1.681249791526311e-03	1.043588765237699e+00	2.531854972947573e+02	1.860111640261296e+03	1.772750494219303e+03	1.282631984300857e+00	1.841427158137116e+02	7.387749053549171e-02	1.250736135655309e+02
1.543467866666668e+01	1.291027926584449e+02	1.014408126144902e+01	-1.615596021689017e-03	1.059567089249897e+00	2.642308024774986e+02	1.984749973740629e+03	1.892120226425356e+03	1.323884770850492e+00	1.950556783986584e+02	8.022829188811292e-02	1.291027926584449e+02
1.572317733333335e+01	1.331289266221047e+02	1.031280633684376e+01	-1.549496641383856e-03	1.074634940979341e+00	2.751941261786275e+02	2.114422338655132e+03	2.016608353576861e+03	1.367892549780468e+00	2.059079683141795e+02	8.627814474494579e-02	1.331289266221047e+02
1.601167600000002e+01	1.371513457351391e+02	1.047994463310255e+01	-1.496636427177312e-03	1.088847854994310e+00	2.860713989785269e+02	2.249283237188250e+03	2.146374660902591e+03	1.404416622682379e+00	2.166903578527017e+02	9.198943445644574e-02	1.371513457351391e+02
1.630017466666669e+01	1.411709767551315e+02	1.064566692053130e+01	-1.446544307235098e-03	1.102280554593771e+00	2.968704326808430e+02	2.389544608061174e+03	2.281628144911333e+03	1.440808257742815e+00	2.274123153598312e+02	9.748009332430542e-02	1.411709767551315e+02
1.658867333333335e+01	1.451880285752177e+02	1.081009758993031e+01	-1.399187291062946e-03	1.114988415508811e+00	3.075972110298050e+02	2.535395829165530e+03	2.422551105297331e+03	1.476953699393423e+00	2.380732340733489e+02	1.027915963655873e-01	1.451880285752177e+02
1.687717200000002e+01	1.492024603015021e+02	1.097333790076908e+01	-1.354593660336095e-03	1.127029593535073e+00	3.182557410322850e+02	2.687014429741257e+03	2.569316120655846e+03	1.512659398373155e+00	2.486791895876816e+02	1.079408795387824e-01	1.492024603015021e+02
1.716567066666669e+01	1.532527741231673e+02	1.113699491209286e+01	-1.312440147032429e-03	1.138475419788349e+00	3.290337380034402e+02	2.845977875580752e+03	2.723680254624163e+03	1.548029156158788e+00	2.592533976498980e+02	1.129528112064100e-01	1.532527741231673e+02
1.745416933333335e+01	1.575974401341668e+02	1.131114756945942e+01	-1.270323848852044e-03	1.148801053007096e+00	3.413541811367519e+02	3.022288240193082e+03	2.897043915523997e+03	1.585112875434257e+00	2.692491389045592e+02	1.179199372757357e-01	1.575974401341668e+02
1.774266800000002e+01	1.623254114390407e+02	1.149847525754439e+01	-1.224966631531198e-03	1.156752557797318e+00	3.561446206739580e+02	3.220037950679205e+03	3.093995985439337e+03	1.627225950252165e+00	2.773079200111342e+02	1.227718087415227e-01	1.623254114390407e+02
1.803116666666669e+01	1.671584316851066e+02	1.168735373363032e+01	-1.176820086334581e-03	1.163706776150220e+00	3.716625400573021e+02	3.428207822341477e+03	3.302093356294926e+03	1.674315481313430e+00	2.846815147385299e+02	1.273450945827446e-01	1.671584316851066e+02
1.831966533333336e+01	1.720427443502646e+02	1.187564579830330e+01	-1.134393030260635e-03	1.170005043328650e+00	3.875153854243823e+02	3.644796552962739e+03	3.519025649930844e+03	1.717382691182106e+00	2.916632602330637e+02	1.317992033412785e-01	1.720427443502646e+02
1.860816400000002e+01	1.769586528071202e+02	1.206267504292428e+01	-1.098565606170681e-03	1.175773810516650e+00	4.035645768396614e+02	3.869218948445401e+03	3.744087734997274e+03	1.754878693843160e+00	2.983442890603568e+02	1.362062251818635e-01	1.769586528071202e+02
1.889666266666669e+01	1.818972120404125e+02	1.224821968267361e+01	-1.064834988432806e-03	1.181085548356444e+00	4.197411209426337e+02	4.101343058104473e+03	3.977082039498796e+03	1.791656382219866e+00	3.047671220730725e+02	1.404450607733227e-01	1.818972120404125e+02
1.918516133333336e+01	1.868490924821738e+02	1.243206272536233e+01	-1.033190939318533e-03	1.185927077756545e+00	4.359768171420380e+02	4.340990093850722e+03	4.217792536829312e+03	1.827563602983664e+00	3.108753913395128e+02	1.445630334130251e-01	1.868490924821738e+02
1.947366000000002e+01	1.918035542452457e+02	1.261395364279309e+01	-1.000793325589231e-03	1.190300409145548e+00	4.521967877245785e+02	4.587888219734148e+03	4.465919803795817e+03	1.866164338118331e+00	3.166286308931318e+02	1.486784824387948e-01	1.918035542452457e+02
1.976215866666669e+01	1.967579380891482e+02	1.279394613421235e+01	-9.688592618459362e-04	1.194258891077179e+00	4.683752943614760e+02	4.842158397659456e+03	4.721557766989645e+03	1.905943765264647e+00	3.220550870084477e+02	1.526847638878344e-01	1.967579380891482e+02
2.005065733333336e+01	2.017089810853973e+02	1.297206556630158e+01	-9.395268975845568e-04	1.197839848908789e+00	4.844864758781109e+02	5.103884308952192e+03	4.984758121990953e+03	1.943825054779320e+00	3.271672152309195e+02	1.566590097982760e-01	2.017089810853973e+02
2.033915600000002e+01	2.066539839276857e+02	1.314835194821230e+01	-9.116512059655379e-04	1.201089455042289e+00	5.005035841070285e+02	5.373164299513604e+03	5.255592786422963e+03	1.981171641746548e+00	3.319953293684940e+02	1.605077868063778e-01	2.066539839276857e+02
2.062765466666669e+01	2.115939225859053e+02	1.332296611568881e+01	-9.034128168908936e-04	1.204032680379791e+00	5.164133849895275e+02	5.650284941513735e+03	5.534330250753768e+03	1.989816023289071e+00	3.365436209384827e+02	1.685132450661965e-01	2.115939225859053e+02
2.091615333333336e+01	2.165375135929169e+02	1.349631996750353e+01	-8.777025252856436e-04	1.206648703329220e+00	5.322307410192656e+02	5.935951803208875e+03	5.821697840385569e+03	2.027053364648643e+00	3.407458735252135e+02	1.721876081386493e-01	2.165375135929169e+02
2.120465200000003e+01	2.214793502434303e+02	1.366831486323830e+01	-8.535249835231071e-04	1.208894497673204e+00	5.478867057701914e+02	6.230061395375824e+03	6.117583765276792e+03	2.063366133202737e+00	3.444935956283580e+02	1.757667138459559e-01	2.214793502434303e+02
2.149315066666669e+01	2.264233055526024e+02	1.383917023706720e+01	-8.360487684870727e-04	1.210786356948183e+00	5.633723131068717e+02	6.533071905111159e+03	6.422428558360282e+03	2.089662584430521e+00	3.477714340364206e+02	1.796893757182735e-01	2.264233055526024e+02
2.178164933333336e+01	2.313620535765460e+02	1.400871361004271e+01	-8.184298019490165e-04	1.212361972316194e+00	5.786330800795228e+02	6.844772763148734e+03	6.735960586518977e+03	2.117330834102503e+00	3.506041251411598e+02	1.834817296932222e-01	2.313620535765460e+02
2.207014800000003e+01	2.362855845215329e+02	1.417669136357486e+01	-8.013354344596871e-04	1.213650140907262e+00	5.936342564064829e+02	7.164762188681156e+03	7.057737065199639e+03	2.145235448005059e+00	3.530058765161378e+02	1.871608493395554e-01	2.362855845215329e+02
2.235864666666669e+01	2.411803070585594e+02	1.434274306782649e+01	-7.849180172167934e-04	1.214699685248127e+00	6.083490203881705e+02	7.492371099091927e+03	7.387060910401167e+03	2.173172868831221e+00	3.550341415156799e+02	1.907476252575058e-01	2.411803070585594e+02
2.264714533333336e+01	2.460403905290678e+02	1.450678153360957e+01	-7.694215020035552e-04	1.215555847761891e+00	6.227676327654057e+02	7.827390091360615e+03	7.723720678750895e+03	2.200505814590674e+00	3.567481324297997e+02	1.942244771954100e-01	2.460403905290678e+02
2.293564400000003e+01	2.508496713919245e+02	1.466837938115844e+01	-7.546701806863475e-04	1.216181301915748e+00	6.368176814007439e+02	8.168837609200303e+03	8.066746352789275e+03	2.227597817006326e+00	3.580444880356744e+02	1.977190836717470e-01	2.508496713919245e+02
2.322414266666669e+01	2.556036442516021e+02	1.482750804527524e+01	-7.405781642720345e-04	1.216611760897643e+00	6.504858879368733e+02	8.516525809491726e+03	8.415938416276053e+03	2.254507716763299e+00	3.589676102135755e+02	2.009930463254430e-01	2.556036442516021e+02
2.351264133333336e+01	2.602974703125814e+02	1.498412310926960e+01	-7.272407537716837e-04	1.216878948316161e+00	6.637714787679367e+02	8.870206185026860e+03	8.771062173590513e+03	2.280834745060365e+00	3.595600630754108e+02	2.042668989587247e-01	2.602974703125814e+02
2.380114000000003e+01	2.649422186662712e+02	1.513869577380699e+01	-7.144859783967788e-04	1.216968923892687e+00	6.767916021099317e+02	9.230805823977187e+03	9.133146856374367e+03	2.306916342162386e+00	3.597658810334189e+02	2.074106688332182e-01	2.649422186662712e+02
2.408963866666670e+01	2.695492320701136e+02	1.529168123612032e+01	-7.033446212249488e-04	1.216859873218578e+00	6.896895304828804e+02	9.599315274111465e+03	9.503299849868608e+03	2.330123477208546e+00	3.595065819941464e+02	2.108914761987015e-01	2.695492320701136e+02
2.437813733333336e+01	2.741287545460830e+02	1.544347716863026e+01	-6.921093135077726e-04	1.216533251062526e+00	7.026348852783418e+02	9.976679542836588e+03	9.882611297330559e+03	2.354487120850407e+00	3.587059345853651e+02	2.140957245862918e-01	2.741287545460830e+02
2.466663600000003e+01	2.786884736265218e+02	1.559438047926264e+01	-6.808478627961299e-04	1.215958464457255e+00	7.158197593652180e+02	1.036366695441280e+04	1.027203454317980e+04	2.379879167010256e+00	3.572520111038699e+02	2.171163104069917e-01	2.786884736265218e+02
2.495513466666670e+01	2.832398145386113e+02	1.574479712732659e+01	-6.694899767904686e-04	1.215113492748714e+00	7.294951052093646e+02	1.076140471551487e+04	1.067292410457244e+04	2.406439192238948e+00	3.550470365521970e+02	2.197906675938435e-01	2.832398145386113e+02
2.524363333333336e+01	2.877960931861126e+02	1.589517910125270e+01	-6.592808057851301e-04	1.213983513507478e+00	7.439583022375417e+02	1.117124228228338e+04	1.108689768961970e+04	2.430907018344850e+00	3.520062063489807e+02	2.226123345728924e-01	2.877960931861126e+02
2.553213200000003e+01	2.923626826336204e+02	1.604570449326627e+01	-6.489918137269023e-04	1.212570710028922e+00	7.594996161478488e+02	1.159387170769124e+04	1.151492549054543e+04	2.456415931234216e+00	3.480871678542174e+02	2.254438553423246e-01	2.923626826336204e+02
2.582063066666670e+01	2.969417885859320e+02	1.619644253130797e+01	-6.386802597699724e-04	1.210881875336424e+00	7.764337999763974e+02	1.202971329264847e+04	1.195774234852454e+04	2.482897685433473e+00	3.432601317082960e+02	2.282725091077031e-01	2.969417885859320e+02
2.610912933333337e+01	3.015380390388801e+02	1.634753853017091e+01	-6.287059520677388e-04	1.208923012629095e+00	7.951127486022525e+02	1.247943740768802e+04	1.241635598915345e+04	2.509324428610522e+00	3.374936005868370e+02	2.308664411582942e-01	3.015380390388801e+02
2.639762800000003e+01	3.061645663997513e+02	1.649940788088691e+01	-6.190611316449643e-04	1.206683178369807e+00	8.159713262060097e+02	1.294457787637242e+04	1.289270990219328e+04	2.535531332190883e+00	3.307051571900321e+02	2.334804521790273e-01	3.061645663997513e+02
2.668612666666670e+01	3.108289691165584e+02	1.665227316533834e+01	-6.097544364007733e-04	1.204169701429883e+00	8.394343003919299e+02	1.342617946626917e+04	1.338824931799488e+04	2.561587961577899e+00	3.228654417587425e+02	2.361762485429504e-01	3.108289691165584e+02
2.697462533333337e+01	3.155322088659658e+02	1.680613541983967e+01	-6.000566791385701e-04	1.201398112162423e+00	8.659079785071319e+02	1.392463193264202e+04	1.390376344167946e+04	2.589744650848266e+00	3.139721864449695e+02	2.386230473307382e-01	3.155322088659658e+02
2.726312400000003e+01	3.202775678611452e+02	1.696107029446341e+01	-5.898273621006303e-04	1.198382451396527e+00	8.958261224053240e+02	1.444057709346893e+04	1.444032140672301e+04	2.620511086195429e+00	3.040212838521888e+02	2.406849961677361e-01	3.202775678611452e+02
2.755162266666670e+01	3.250783222743808e+02	1.711747149859092e+01	-5.811086265471072e-04	1.195135866957716e+00	9.296837758671786e+02	1.497576165582570e+04	1.500016059173261e+04	2.647096102113649e+00	2.930084742838289e+02	2.431910446831670e-01	3.250783222743808e+02
2.784012133333337e+01	3.299291031295305e+02	1.727512119981910e+01	-5.722837799803579e-04	1.191692422676073e+00	9.678572513342751e+02	1.552990855661066e+04	1.558339483875554e+04	2.674789971239137e+00	2.810049800048108e+02	2.456945812796118e-01	3.299291031295305e+02
2.812862000000003e+01	3.348265746248354e+02	1.743387413350656e+01	-5.641971478107459e-04	1.188077189421198e+00	1.010702847205800e+03	1.610295319114992e+04	1.619031768091020e+04	2.700636604117320e+00	2.680585530207126e+02	2.482388206431286e-01	3.348265746248354e+02
2.841711866666670e+01	3.397652307667458e+02	1.759352104013497e+01	-5.560161642463431e-04	1.184334114541693e+00	1.058516763232660e+03	1.669455266742034e+04	1.682090068955061e+04	2.727611653382914e+00	2.542927662648023e+02	2.507074508242258e-01	3.397652307667458e+02
2.870561733333337e+01	3.447398818930757e+02	1.775387035056953e+01	-5.480310616218844e-04	1.180495821725494e+00	1.111514503926094e+03	1.730437928637706e+04	1.747504324460677e+04	2.754544329800508e+00	2.398005642495778e+02	2.532642554150173e-01	3.447398818930757e+02
2.899411600000004e+01	3.497416318090725e+02	1.791462015162132e+01	-5.400841425177871e-04	1.176595855814949e+00	1.169785192031837e+03	1.793162656574148e+04	1.815203851899814e+04	2.782030717796063e+00	2.246876131295566e+02	2.559248490419905e-01	3.497416318090725e+02
2.928261466666670e+01	3.547570345069869e+02	1.807533597911688e+01	-5.324626194729000e-04	1.172677496726333e+00	1.233235932335107e+03	1.857487033485687e+04	1.885038698910942e+04	2.809077290923236e+00	2.091080605445031e+02	2.585912888425260e-01	3.547570345069869e+02
2.957111333333337e+01	3.597719709387868e+02	1.823557801385659e+01	-5.250404966084064e-04	1.168782951369391e+00	1.301555299462938e+03	1.923253346109562e+04	1.956821780560601e+04	2.836107758703168e+00	1.932245808208203e+02	2.611625631383580e-01	3.597719709387868e+02
2.985961200000004e+01	3.647664259043993e+02	1.839473661547026e+01	-5.179250706293255e-04	1.164972755388538e+00	1.373541981748867e+03	1.990218346566811e+04	2.030193074869721e+04	2.862651263352945e+00	1.772896401183916e+02	2.635587623873681e-01	3.647664259043993e+02
3.014811066666670e+01	3.697090217416303e+02	1.855186607199588e+01	-5.108552040321606e-04	1.161325478926099e+00	1.446592125421242e+03	2.057974556759799e+04	2.104489240093288e+04	2.889903793259188e+00	1.616522300847978e+02	2.658715675243197e-01	3.697090217416303e+02
3.043660933333337e+01	3.745713777794592e+02	1.870614335152910e+01	-5.042242157136149e-04	1.157903883042309e+00	1.518088835293427e+03	2.126137925364887e+04	2.179068094139717e+04	2.916071335025453e+00	1.466174239645516e+02	2.682880938664267e-01	3.745713777794592e+02
3.072510800000004e+01	3.793209477245330e+02	1.885663573431929e+01	-4.979304705355486e-04	1.154769662165485e+00	1.585408727619087e+03	2.194246632424856e+04	2.253209989693667e+04	2.941563828577887e+00	1.325066376786823e+02	2.707335367933673e-01	3.793209477245330e+02
3.101360666666670e+01	3.839273586340433e+02	1.900249666938945e+01	-5.028178254744079e-04	1.151978452797898e+00	1.645909442294083e+03	2.261846850042863e+04	2.326200258924261e+04	2.916272362794528e+00	1.196346474008645e+02	2.738562208321886e-01	3.839273586340433e+02
3.130210533333337e+01	3.883617369412470e+02	1.914293562786170e+01	-4.970774012216593e-04	1.149588020212378e+00	1.696982247361719e+03	2.328480796719575e+04	2.397323912646596e+04	2.940679622247586e+00	1.083460732473567e+02	2.762015645067110e-01	3.883617369412470e+02
3.159060400000004e+01	3.925934170600822e+02	1.927710637165739e+01	-4.917182498680015e-04	1.147648101183471e+00	1.735977410398106e+03	2.393634916292670e+04	2.465805575963615e+04	2.964088944855419e+00	9.896758201637520e+01	2.785122073663771e-01	3.925934170600822e+02
3.187910266666671e+01	3.965918589635570e+02	1.940415978668485e+01	-4.867579580261413e-04	1.146210961629666e+00	1.760262537816707e+03	2.456762422205845e+04	2.530838807048764e+04	2.986235622192521e+00	9.185686466257913e+01	2.807597287292215e-01	3.965918589635570e+02
3.216760133333337e+01	4.003751781393693e+02	1.952476709650163e+01	-4.823001299709617e-04	1.145222940915807e+00	1.773805157540290e+03	2.518057508135877e+04	2.593010977314198e+04	3.006451847534833e+00	8.685513279464367e+01	2.829832687065794e-01	4.003751781393693e+02
3.245610000000004e+01	4.040127808732562e+02	1.964119670999281e+01	-4.779814701458837e-04	1.144509317337528e+00	1.783498333229849e+03	2.578564947496487e+04	2.654045650898435e+04	3.026489279358260e+00	8.315994498417848e+01	2.851469664108880e-01	4.040127808732562e+02
3.274459866666670e+01	4.075802246422188e+02	1.975588738151299e+01	-4.737978225735609e-04	1.143888307281461e+00	1.792471358269002e+03	2.639497658214081e+04	2.715455763963308e+04	3.046360993443736e+00	7.987186212072571e+01	2.874107187608221e-01	4.075802246422188e+02
3.303309733333337e+01	4.111231120841512e+02	1.987030483706238e+01	-4.697138514612015e-04	1.143260466318949e+00	1.801413697482568e+03	2.701624174395064e+04	2.778070426154450e+04	3.066085685671914e+00	7.647378244908568e+01	2.896866462137000e-01	4.111231120841512e+02
3.332159600000004e+01	4.146492626629110e+02	1.998469374930754e+01	-4.657194351717524e-04	1.142664778614523e+00	1.810360877897847e+03	2.765088647968321e+04	2.842030163217137e+04	3.085878678875432e+00	7.317905773762510e+01	2.918774513007330e-01	4.146492626629110e+02
3.361009466666671e+01	4.181642716491967e+02	2.009922626658211e+01	-4.618070189663746e-04	1.142143282734126e+00	1.819354181286593e+03	2.830004095425316e+04	2.907442539014010e+04	3.105738539669150e+00	7.023225615859410e+01	2.940794692839824e-01	4.181642716491967e+02
3.389859333333337e+01	4.216418223072451e+02	2.021303850124386e+01	-4.580281429159411e-04	1.141758317652778e+00	1.828239464998770e+03	2.895891745577701e+04	2.973803952950145e+04	3.125415535043915e+00	6.801039699569127e+01	2.962989853504678e-01	4.216418223072451e+02
3.418709200000004e+01	4.250899804890914e+02	2.032639037759216e+01	-4.542995483436448e-04	1.141556868192077e+00	1.837099610333403e+03	2.962906715324463e+04	3.041261835795875e+04	3.145254329315737e+00	6.682299517502192e+01	2.985270044207570e-01	4.250899804890914e+02
3.447559066666671e+01	4.285153302545469e+02	2.043949242195258e+01	-4.506680916803759e-04	1.141588978896250e+00	1.846030262602202e+03	3.031184931065909e+04	3.109943159232670e+04	3.165025136155424e+00	6.701568668446227e+01	3.009141679292645e-01	4.285153302545469e+02
3.476408933333337e+01	4.319231790416462e+02	2.055251265929769e+01	-4.471117264163526e-04	1.141901806638781e+00	1.855138334076280e+03	3.100844990981709e+04	3.179956361330291e+04	3.184787843715968e+00	6.893547699625374e+01	3.033777229606107e-01	4.319231790416462e+02
3.505258800000004e+01	4.353104274370896e+02	2.066534100853062e+01	-4.435837337387132e-04	1.142554911046461e+00	1.864500376074062e+03	3.171838281868285e+04	3.251237975797481e+04	3.204752237390768e+00	7.302535471918628e+01	3.057850006011335e-01	4.353104274370896e+02
3.534108666666671e+01	4.386747740055238e+02	2.077789431104522e+01	-4.401817386825886e-04	1.143594735641678e+00	1.874213779622775e+03	3.244130497135287e+04	3.323738238140410e+04	3.224354645252131e+00	7.966782632544128e+01	3.081660619181529e-01	4.386747740055238e+02
3.562958533333337e+01	4.420190836729398e+02	2.089026197954179e+01	-4.368513303394676e-04	1.145057583960678e+00	1.884421102117861e+03	3.317797491985111e+04	3.397520043501544e+04	3.244030762717985e+00	8.919793273311194e+01	3.106216907745357e-01	4.420190836729398e+02
3.591808400000004e+01	4.453459874256050e+02	2.100252552044233e+01	-4.335891341064780e-04	1.146977152222158e+00	1.895272165268842e+03	3.392913884588501e+04	3.472644297631081e+04	3.263771680928717e+00	1.019483885883210e+02	3.131618904860110e-01	4.453459874256050e+02
3.620658266666671e+01	4.486571022247409e+02	2.111473232241680e+01	-4.304149466758380e-04	1.149374081766596e+00	1.906917034086753e+03	3.469534238742441e+04	3.549151842066130e+04	3.283359540090029e+00	1.181777508261855e+02	3.158209911748278e-01	4.486571022247409e+02
3.649508133333338e+01	4.519521236612291e+02	2.122686495115879e+01	-4.272769451008351e-04	1.152255528849831e+00	1.919492937466383e+03	3.547668924297112e+04	3.627040478047100e+04	3.303139483657680e+00	1.380607829657515e+02	3.186137934304976e-01	4.519521236612291e+02
3.678358000000004e+01	4.552277403121666e+02	2.133880416385471e+01	-4.265309371995090e-04	1.155619061459973e+00	1.933118275254800e+03	3.627254167957652e+04	3.706235595197166e+04	3.306527083898361e+00	1.617089964239320e+02	3.209245897565763e-01	4.552277403121666e+02
3.707207866666671e+01	4.584895259183864e+02	2.145073380545163e+01	-4.234918416858045e-04	1.159440256895783e+00	1.947918845294692e+03	3.708437010601423e+04	3.786877132036412e+04	3.326452889321448e+00	1.890768459911253e+02	3.236936754572000e-01	4.584895259183864e+02
3.736057733333338e+01	4.617403009946781e+02	2.156274335431868e+01	-4.205008203364007e-04	1.163622602020253e+00	1.963945934065987e+03	3.791291304724709e+04	3.869047475453890e+04	3.346499009617312e+00	2.195845565387152e+02	3.265340359717270e-01	4.617403009946781e+02
3.764907600000004e+01	4.649797212233565e+02	2.167481359953405e+01	-4.175713330226272e-04	1.167952564234163e+00	1.980862226611550e+03	3.875772822236656e+04	3.952753834567429e+04	3.366548031809874e+00	2.517458678927481e+02	3.294888540104974e-01	4.649797212233565e+02
3.793757466666671e+01	4.682072020726837e+02	2.178691727856549e+01	-4.146354036699151e-04	1.172222158409631e+00	1.998298486354566e+03	3.961826249967766e+04	4.037997558790327e+04	3.387064953906669e+00	2.840315222866733e+02	3.324656635056046e-01	4.682072020726837e+02
3.822607333333338e+01	4.714210290109570e+02	2.189898822856563e+01	-4.118036707373760e-04	1.176241977213615e+00	2.015922417886416e+03	4.049368119984653e+04	4.124749707106662e+04	3.407135545602350e+00	3.149714058198060e+02	3.353942737137331e-01	4.714210290109570e+02
3.851457200000005e+01	4.746115226747593e+02	2.201068360933597e+01	-4.090264655322974e-04	1.179794029537265e+00	2.033370690045868e+03	4.138091841961684e+04	4.212762421767950e+04	3.427210013180528e+00	3.427940210389168e+02	3.381498583430635e-01	4.746115226747593e+02
3.880307066666671e+01	4.777682796609572e+02	2.212163590025781e+01	-4.063184049976656e-04	1.182701737925673e+00	2.050248361347054e+03	4.227653818861419e+04	4.301754013296738e+04	3.447168374257918e+00	3.659676767507633e+02	3.407441915320973e-01	4.777682796609572e+02
3.909156933333338e+01	4.808762583642154e+02	2.223131524247597e+01	-4.036939053603249e-04	1.184832881296951e+00	2.066251137592415e+03	4.317573403484705e+04	4.391294835394280e+04	3.466885274002356e+00	3.832459828374605e+02	3.431164601263171e-01	4.808762583642154e+02
3.938006800000005e+01	4.839107142137607e+02	2.233884981773750e+01	-4.011564634320506e-04	1.186019477780592e+00	2.080959570394908e+03	4.407055642540369e+04	4.480649190853006e+04	3.486382498381601e+00	3.930308393573587e+02	3.453258372679808e-01	4.839107142137607e+02
3.966856666666671e+01	4.868524183181038e+02	2.244356101411548e+01	-3.987335348404942e-04	1.186169016630124e+00	2.094059214773484e+03	4.495443642379210e+04	4.569203722530938e+04	3.505317099324436e+00	3.942845487248462e+02	3.472297481278989e-01	4.868524183181038e+02
3.995706533333338e+01	4.896909756911988e+02	2.254508031768011e+01	-3.964221823707634e-04	1.185442891896888e+00	2.106069407948586e+03	4.582405970434169e+04	4.656572962386528e+04	3.523688141169713e+00	3.880929507391664e+02	3.487906106649799e-01	4.896909756911988e+02
4.024556400000005e+01	4.924159909930864e+02	2.264303426265226e+01	-3.942283939221113e-04	1.184106153928310e+00	2.117244597030642e+03	4.667597462635530e+04	4.742316836178401e+04	3.541398117463634e+00	3.765061273062187e+02	3.502010034344978e-01	4.924159909930864e+02
4.053406266666671e+01	4.950117508610179e+02	2.273685186081308e+01	-3.921791053809272e-04	1.182427685298112e+00	2.127492639940823e+03	4.750463856351566e+04	4.825787638460004e+04	3.558094275037816e+00	3.617187969692001e+02	3.515630831984555e-01	4.950117508610179e+02
4.082256133333338e+01	4.974701542668247e+02	2.282622801611070e+01	-3.902410800114536e-04	1.180638705803413e+00	2.136579547222249e+03	4.830648951517676e+04	4.906550245273388e+04	3.574179650976711e+00	3.457024243751658e+02	3.528707945073629e-01	4.974701542668247e+02
4.111106000000005e+01	4.997741263471131e+02	2.291052158026850e+01	-3.885127926468039e-04	1.178963565246220e+00	2.144103367101979e+03	4.907461253725314e+04	4.983847833936979e+04	3.588696895647631e+00	3.304647996902754e+02	3.540096651946388e-01	4.997741263471131e+02
4.139955866666672e+01	5.019189283502756e+02	2.298952900863904e+01	-3.868718952773679e-04	1.177560434415708e+00	2.149669127936278e+03	4.980576018022573e+04	5.057308221225698e+04	3.602707268164618e+00	3.174991404480821e+02	3.550801456431799e-01	5.019189283502756e+02
4.168805733333338e+01	5.039010649122086e+02	2.306308121804582e+01	-3.853487756501837e-04	1.176463413426509e+00	2.153655605538812e+03	5.049690699619702e+04	5.126658695856545e+04	3.615524976583801e+00	3.072031287849643e+02	3.561585526830192e-01	5.039010649122086e+02
4.197655600000005e+01	5.057054965143660e+02	2.313056727828919e+01	-3.839696666544268e-04	1.175631348064502e+00	2.156575130490027e+03	5.114072604795086e+04	5.191210451411471e+04	3.627289303863082e+00	2.992728209334019e+02	3.571966470683398e-01	5.057054965143660e+02
4.226505466666672e+01	5.073386288015730e+02	2.319216154172411e+01	-3.827306654802431e-04	1.175011913779376e+00	2.158828629219675e+03	5.173721795269304e+04	5.250994610886381e+04	3.638054972592739e+00	2.932786489457429e+02	3.581791463238338e-01	5.073386288015730e+02
4.255355333333338e+01	5.087130515180534e+02	2.324447145715023e+01	-3.816963187673071e-04	1.174555296326628e+00	2.160653168399993e+03	5.225138412945254e+04	5.302530992345972e+04	3.647064648957023e+00	2.887931615443801e+02	3.590444160847115e-01	5.087130515180534e+02
4.284205200000005e+01	5.099591092533481e+02	2.329235709422461e+01	-3.807628141865918e-04	1.174198755558979e+00	2.162219305338520e+03	5.272904544729449e+04	5.350405398293360e+04	3.655275877467317e+00	2.852383931516732e+02	3.598450943947594e-01	5.099591092533481e+02
4.313055066666672e+01	5.111006228678243e+02	2.333666454961861e+01	-3.799124025125835e-04	1.173886625121516e+00	2.163596111346781e+03	5.317751120639401e+04	5.395349220734504e+04	3.662893421167545e+00	2.820804775545952e+02	3.606240515691932e-01	5.111006228678243e+02
